61734	7536	5736	8586	527	279	2317	23719	512
16	13	3842	46368	311	279	9979	627
17	13	10455	11879	291	311	279	14150	627
18	13	56786	46368	311	279	5274	627
19	13	3842	4024	311	279	14150	627
20	13	3842	11879	291	311	279	5274	627
21	13	56786	11879	291	311	279	14150	627
22	13	3842	11879	291	311	279	51902	627
23	13	3842	11879	291	311	279	5274	627
24	13	10455	46368	311	279	51902	627
605	13	15469	7882	311	279	51902	627
806	13	15469	30418	279	24149	1070	627
717	13	10455	11879	291	311	279	15197	627
1032	13	15469	44310	279	24149	627
975	13	56786	11879	291	311	279	9979	627
7184	11	4320	279	2768	3488	512
9241	374	279	24149	5380