0.029319383203983307	0.0925726518034935	0.06660225987434387	0.11000781506299973	0.08169099688529968	0.03644108027219772	0.03879797086119652	0.036080338060855865	0.06363175064325333	0.02688971906900406	0.028959333896636963	0.023729383945465088	0.027452800422906876	0.14163199067115784	0.11254116892814636	0.2138272374868393	0.0939381793141365	0.07516984641551971	0.031016886234283447	0.032007068395614624	0.03408365696668625	0.03339153528213501	0.03203068673610687	0.07371213287115097	0.06469312310218811	0.018087664619088173	0.011002298444509506	0.016240909695625305
0.0335187204182148	0.05476544052362442	0.045617833733558655	0.09615792334079742	0.07487358152866364	0.026963043957948685	0.026953576132655144	0.02889714390039444	0.04880789667367935	0.02280772663652897	0.024018043652176857	0.02655283361673355	0.02293434366583824	0.15592241287231445	0.1465507596731186	0.2561967670917511	0.1485266089439392	0.11649198830127716	0.0308002270758152	0.03180026635527611	0.034351177513599396	0.03320569545030594	0.029074231162667274	0.05235607922077179	0.03959253802895546	0.01127010677009821	0.00678108399733901	0.008814521133899689
0.03357773274183273	0.04612886533141136	0.05111030116677284	0.0845707580447197	0.09554101526737213	0.03508700802922249	0.04444251209497452	0.0428217314183712	0.07713957130908966	0.03508356213569641	0.048556141555309296	0.06305787712335587	0.052063897252082825	0.1263744980096817	0.10065939277410507	0.1581544578075409	0.1389630287885666	0.0816425159573555	0.03464120998978615	0.03550669923424721	0.036999668926000595	0.03673547878861427	0.035015128552913666	0.04926556348800659	0.03570329770445824	0.016291840001940727	0.01021428033709526	0.01117880828678608
0.03227095305919647	0.05273013561964035	0.06089431047439575	0.0656672865152359	0.08780251443386078	0.04994567856192589	0.06543802469968796	0.0476960688829422	0.06327459961175919	0.03156491369009018	0.04911334067583084	0.08060135692358017	0.05048847198486328	0.08204775303602219	0.0658118799328804	0.07805375754833221	0.12219643592834473	0.06006549298763275	0.035945408046245575	0.03620455041527748	0.037044402211904526	0.0372379869222641	0.034686069935560226	0.047900259494781494	0.05858117714524269	0.030605386942625046	0.02768782526254654	0.024865180253982544
0.03334265202283859	0.08547602593898773	0.08288750052452087	0.05512487515807152	0.0798930823802948	0.07919962704181671	0.08726766705513	0.08297464996576309	0.07184437662363052	0.034213148057460785	0.05232454091310501	0.09301398694515228	0.07369066029787064	0.037226319313049316	0.0287765059620142	0.022701287642121315	0.018182333558797836	0.014965097419917583	0.03395330533385277	0.034161996096372604	0.035454194992780685	0.03522993624210358	0.03228454291820526	0.05383149906992912	0.07327626645565033	0.03175880014896393	0.02870161086320877	0.032488398253917694
0.03377602621912956	0.09272698312997818	0.08979809284210205	0.031722541898489	0.05360763520002365	0.08705716580152512	0.07878061383962631	0.07685676217079163	0.04459676891565323	0.029366368427872658	0.04454193636775017	0.06841741502285004	0.0566023625433445	0.021804768592119217	0.019592760130763054	0.015253295190632343	0.012278860434889793	0.011835628189146519	0.05122588947415352	0.051736947149038315	0.05365139991044998	0.05301463603973389	0.046176981180906296	0.03458607569336891	0.10701719671487808	0.045553822070360184	0.039657432585954666	0.032659389078617096
0.03556805104017258	0.06905286759138107	0.06796468794345856	0.023204024881124496	0.031379953026771545	0.06843744218349457	0.050168611109256744	0.05785878747701645	0.027199072763323784	0.022881263867020607	0.034101370722055435	0.035680368542671204	0.0369950607419014	0.014258679933845997	0.016168085858225822	0.012582359835505486	0.009911205619573593	0.00961671769618988	0.056772373616695404	0.05808227136731148	0.06202078238129616	0.06026796996593475	0.049401529133319855	0.04034945368766785	0.07279307395219803	0.05693119764328003	0.04920370876789093	0.03149251267313957
0.03624199330806732	0.026116259396076202	0.03009132482111454	0.013085444457828999	0.01690616086125374	0.029410241171717644	0.02600780688226223	0.037887752056121826	0.016523253172636032	0.01352641824632883	0.016943592578172684	0.015854163095355034	0.01842363178730011	0.008225896395742893	0.010281319729983807	0.007601125631481409	0.007176226936280727	0.006704769097268581	0.032328974455595016	0.03282138332724571	0.03505958989262581	0.03407657891511917	0.028344914317131042	0.028610967099666595	0.04431011527776718	0.05487769469618797	0.06792610138654709	0.0621507354080677
0.03537142649292946	0.027019008994102478	0.026874611154198647	0.012532289139926434	0.01798909902572632	0.02612309157848358	0.02137093059718609	0.026502978056669235	0.01573227159678936	0.018287628889083862	0.019498804584145546	0.018787285313010216	0.019699592143297195	0.009159021079540253	0.012255128473043442	0.008221421390771866	0.00729799410328269	0.007701686583459377	0.04344363883137703	0.04399467259645462	0.046354178339242935	0.04531793296337128	0.03793446719646454	0.03498716279864311	0.04344824701547623	0.05473361909389496	0.07622972130775452	0.06201168894767761
0.03502063453197479	0.0290327537804842	0.035816118121147156	0.022879187017679214	0.03010435216128826	0.039738740772008896	0.039636727422475815	0.03946421295404434	0.03531366586685181	0.031018506735563278	0.03867277130484581	0.04819842800498009	0.04749445617198944	0.01630879007279873	0.01564818248152733	0.01016294490545988	0.009287208318710327	0.008987369947135448	0.04512076452374458	0.044196441769599915	0.04309019818902016	0.043644558638334274	0.04244277626276016	0.02838580310344696	0.03427737578749657	0.04514375701546669	0.05942418426275253	0.029728105291724205
0.03497109189629555	0.015232167206704617	0.01522768009454012	0.007864197716116905	0.01059724297374487	0.018868327140808105	0.014421400614082813	0.016729341819882393	0.010534119792282581	0.017312033101916313	0.017399625852704048	0.010759033262729645	0.01882636360824108	0.005363034084439278	0.006620712578296661	0.003199500497430563	0.0029653788078576326	0.0033707362599670887	0.03317982703447342	0.03220128268003464	0.033081717789173126	0.03247654810547829	0.02903650514781475	0.019436566159129143	0.019162196666002274	0.054709870368242264	0.11840220540761948	0.051879968494176865
0.03630485385656357	0.017025187611579895	0.01910552754998207	0.011000905185937881	0.01403714343905449	0.023776432499289513	0.020558204501867294	0.022270185872912407	0.015776917338371277	0.023479366675019264	0.024973582476377487	0.01852628029882908	0.025989029556512833	0.007144112139940262	0.008126304484903812	0.0036496499087661505	0.0033796930219978094	0.004007101058959961	0.03478124737739563	0.035026516765356064	0.035446394234895706	0.03520003706216812	0.031096678227186203	0.020312152802944183	0.020727161318063736	0.0543520525097847	0.07697994261980057	0.048084329813718796
0.03558912128210068	0.014295370317995548	0.015352047979831696	0.009083118289709091	0.011662416160106659	0.02247491665184498	0.01815473474562168	0.019885728135704994	0.01158229075372219	0.039539482444524765	0.023622866719961166	0.012999258004128933	0.024076059460639954	0.005986269563436508	0.008049079217016697	0.0031924727372825146	0.003431229619309306	0.0036881088744848967	0.03505101054906845	0.0352635383605957	0.0364634171128273	0.03578580170869827	0.031572382897138596	0.02028842642903328	0.017681051045656204	0.05878124758601189	0.059905048459768295	0.09166745096445084
0.033608704805374146	0.018961196765303612	0.028374794870615005	0.011999244801700115	0.014540513977408409	0.02186163142323494	0.022799130529165268	0.03243359923362732	0.01815471239387989	0.02762732096016407	0.02199395000934601	0.013293420895934105	0.022403178736567497	0.008196981623768806	0.009760200046002865	0.0037106808740645647	0.003987522330135107	0.004027071408927441	0.02737966552376747	0.027261104434728622	0.028628205880522728	0.02803441882133484	0.02617059461772442	0.025622515007853508	0.038022641092538834	0.06364109367132187	0.05872354283928871	0.12079708278179169
0.03693940490484238	0.018784163519740105	0.02227344550192356	0.013234561309218407	0.022070156410336494	0.02891942858695984	0.02942877635359764	0.02490570954978466	0.019788114354014397	0.040059592574834824	0.027648136019706726	0.030325934290885925	0.02860613353550434	0.010583065450191498	0.010334829799830914	0.005259387195110321	0.007309615612030029	0.0053791445679962635	0.03480810299515724	0.035056259483098984	0.035540882498025894	0.035202182829380035	0.0321650393307209	0.02854829840362072	0.022291140630841255	0.03610645607113838	0.030187176540493965	0.06033371388912201
0.037615127861499786	0.025909719988703728	0.03823523968458176	0.026263698935508728	0.03569670766592026	0.031538914889097214	0.044168904423713684	0.040265269577503204	0.04444245994091034	0.029307538643479347	0.044762443751096725	0.06376522779464722	0.04204597324132919	0.026425765827298164	0.016549956053495407	0.009305182844400406	0.011162232607603073	0.008435206487774849	0.03228876739740372	0.032228827476501465	0.031014900654554367	0.03206406906247139	0.03259279578924179	0.0313832052052021	0.024752484634518623	0.022518839687108994	0.021468786522746086	0.022324733436107635
0.03868301957845688	0.03049270436167717	0.03966589644551277	0.02170976623892784	0.03791114315390587	0.037931788712739944	0.05126535892486572	0.036454856395721436	0.043341878801584244	0.05409052222967148	0.05784911289811134	0.07449450343847275	0.051840588450431824	0.016671165823936462	0.013679846189916134	0.008066440001130104	0.007667845580726862	0.007117137778550386	0.03633806109428406	0.036387745290994644	0.03330779820680618	0.03476409986615181	0.03454027697443962	0.02546449936926365	0.026392394676804543	0.02941080927848816	0.0182836651802063	0.015462522394955158
0.03880372643470764	0.02496214210987091	0.032637838274240494	0.02599269151687622	0.03115057572722435	0.0363958366215229	0.042685750871896744	0.036875154823064804	0.04427649453282356	0.036280661821365356	0.05066954344511032	0.055629003793001175	0.05389619246125221	0.019572056829929352	0.016790146008133888	0.008239545859396458	0.008549021556973457	0.008609005250036716	0.03186440095305443	0.030344447121024132	0.025743402540683746	0.02781587280333042	0.03165890648961067	0.028629319742321968	0.020035894587635994	0.023629501461982727	0.019387509673833847	0.01125537883490324
0.03832022845745087	0.019874729216098785	0.021860182285308838	0.012766174040734768	0.015116528607904911	0.028711041435599327	0.03187331557273865	0.024264167994260788	0.021724319085478783	0.028428655117750168	0.030750272795557976	0.028392624109983444	0.03364349156618118	0.007994578219950199	0.009860532358288765	0.004003629088401794	0.0041441535577178	0.004848030861467123	0.03313112631440163	0.03135880082845688	0.027932966127991676	0.02848406694829464	0.030726483091711998	0.021511157974600792	0.018333859741687775	0.03598850220441818	0.03595344349741936	0.018277306109666824
0.03795122727751732	0.02116275392472744	0.022689299657940865	0.01668187603354454	0.019274571910500526	0.03733861446380615	0.03890267014503479	0.027935871854424477	0.030920078977942467	0.046770211309194565	0.04549826309084892	0.03295894339680672	0.042300909757614136	0.010492236353456974	0.013175752945244312	0.004718985874205828	0.005395685788244009	0.006215216591954231	0.03758066147565842	0.035730186849832535	0.028515338897705078	0.02978956513106823	0.03752971068024635	0.023540539667010307	0.019873185083270073	0.031047118827700615	0.023660777136683464	0.01672429032623768
0.03848349675536156	0.023552123457193375	0.02371533028781414	0.015262175351381302	0.01876290887594223	0.035380855202674866	0.03730787709355354	0.03420703113079071	0.027400940656661987	0.04312008619308472	0.03552321344614029	0.02797093614935875	0.038221325725317	0.009421766735613346	0.011620907112956047	0.004794812295585871	0.004991981666535139	0.006017668172717094	0.03652225434780121	0.03574781492352486	0.03327832370996475	0.033666908740997314	0.03532618284225464	0.02345772460103035	0.019508322700858116	0.034987084567546844	0.027244139462709427	0.019514646381139755
0.038612209260463715	0.02052384801208973	0.022263946011662483	0.013057291507720947	0.01665743626654148	0.034150172024965286	0.029545621946454048	0.028483781963586807	0.01907186210155487	0.06547722220420837	0.035241059958934784	0.02171020582318306	0.035196974873542786	0.006974709685891867	0.009620950557291508	0.004095730371773243	0.004379099700599909	0.005273893009871244	0.040356557816267014	0.040091659873723984	0.03903163596987724	0.03896356374025345	0.03867705166339874	0.022689571604132652	0.018779583275318146	0.04011925309896469	0.028185216709971428	0.03448862209916115
0.03758890554308891	0.021254675462841988	0.022542906925082207	0.01113362517207861	0.017156070098280907	0.041048940271139145	0.02986839786171913	0.03115537203848362	0.019808493554592133	0.09024906903505325	0.03916832432150841	0.01947593130171299	0.04795268923044205	0.007513087708503008	0.010303818620741367	0.004067619331181049	0.004363436717540026	0.005212901160120964	0.0475580208003521	0.04796740412712097	0.049100104719400406	0.04832009971141815	0.043991465121507645	0.023069173097610474	0.020281437784433365	0.04792318493127823	0.027384597808122635	0.05518423765897751
0.03844759613275528	0.02239006571471691	0.02239478938281536	0.015621663071215153	0.02687685564160347	0.039773471653461456	0.03764916583895683	0.027238842099905014	0.02233283966779709	0.05212150141596794	0.03174295648932457	0.03529268875718117	0.03595080226659775	0.015559839084744453	0.011726711876690388	0.0060694338753819466	0.007983128540217876	0.007403205148875713	0.033085305243730545	0.032885123044252396	0.03358814865350723	0.03307139500975609	0.031523216515779495	0.02484138309955597	0.01986924186348915	0.03244514390826225	0.02388303354382515	0.038202520459890366
0.03444154933094978	0.03575487807393074	0.032853320240974426	0.06272146105766296	0.046990375965833664	0.02552260085940361	0.02712942473590374	0.03560871630907059	0.06287474185228348	0.030113328248262405	0.04247674345970154	0.033619534224271774	0.031027033925056458	0.08556654304265976	0.1290157288312912	0.04914950579404831	0.1760815531015396	0.12119752913713455	0.03072269819676876	0.03137233480811119	0.03209087252616882	0.032404690980911255	0.037473976612091064	0.05178488418459892	0.02912689372897148	0.013352501206099987	0.011491013690829277	0.015410849824547768
0.03433636575937271	0.032091669738292694	0.02495468780398369	0.10042444616556168	0.04459196329116821	0.019057977944612503	0.01602892205119133	0.02591969259083271	0.060264021158218384	0.032115329056978226	0.038249142467975616	0.017680350691080093	0.019573738798499107	0.0808553472161293	0.11445295065641403	0.054865699261426926	0.10634336620569229	0.24152714014053345	0.032592665404081345	0.03348208963871002	0.03527596592903137	0.034732382744550705	0.04668006673455238	0.052545879036188126	0.03174108639359474	0.014310379512608051	0.00884934701025486	0.011552264913916588
0.03580711409449577	0.023258773609995842	0.019610339775681496	0.05799181014299393	0.022969907149672508	0.02093256451189518	0.01569226197898388	0.037843361496925354	0.03875710070133209	0.03820110112428665	0.046443525701761246	0.01664823107421398	0.023557156324386597	0.021828340366482735	0.03108232282102108	0.015996763482689857	0.029665913432836533	0.07650572806596756	0.0240021925419569	0.023620298132300377	0.020300086587667465	0.02336961403489113	0.047226715832948685	0.038297466933727264	0.027049148455262184	0.023884408175945282	0.017818497493863106	0.0357663631439209
0.035488665103912354	0.03885294869542122	0.018585601821541786	0.0522390641272068	0.024149175733327866	0.01791321113705635	0.013655530288815498	0.020482882857322693	0.024885330349206924	0.04006761685013771	0.02925729565322399	0.01256481558084488	0.019047090783715248	0.04089093208312988	0.04094407334923744	0.024860303848981857	0.0404411144554615	0.08798404037952423	0.023508794605731964	0.023462282493710518	0.023550542071461678	0.023732371628284454	0.03462059795856476	0.07459218800067902	0.03267986699938774	0.017538664862513542	0.015363764017820358	0.02144346944987774