0.03606391325592995	0.12200575321912766	0.08815190196037292	0.1274300217628479	0.09716993570327759	0.051804300397634506	0.05254292115569115	0.047504182904958725	0.0780726820230484	0.034247178584337234	0.035417694598436356	0.02871173620223999	0.03237447887659073	0.158265620470047	0.12504327297210693	0.23048342764377594	0.10291590541601181	0.08407209068536758	0.03550557792186737	0.03678646683692932	0.03915927931666374	0.03835193067789078	0.03640478476881981	0.09076188504695892	0.08869684487581253	0.0260167233645916	0.011601395905017853	0.016565967351198196
0.0413246676325798	0.07121289521455765	0.058527879416942596	0.11119936406612396	0.09005830436944962	0.03905557468533516	0.036896754056215286	0.03739972040057182	0.05814587324857712	0.028726253658533096	0.029679590836167336	0.03148850426077843	0.027517838403582573	0.1742030829191208	0.15974970161914825	0.274221807718277	0.16142278909683228	0.1259806901216507	0.03468054160475731	0.03593769297003746	0.03873729705810547	0.03748371824622154	0.03235570713877678	0.06496202945709229	0.05361481010913849	0.01516616903245449	0.008336203172802925	0.009426644071936607
0.041375525295734406	0.059784989804029465	0.06519164144992828	0.0978909581899643	0.11534468084573746	0.05023470148444176	0.060202572494745255	0.05559264123439789	0.09109586477279663	0.043307967483997345	0.05925212427973747	0.07641907036304474	0.06201045960187912	0.14064717292785645	0.10843100398778915	0.1706867218017578	0.15203586220741272	0.08632178604602814	0.03844407945871353	0.039548467844724655	0.04119870439171791	0.04090213030576706	0.03844103589653969	0.061136290431022644	0.0473804697394371	0.021630054339766502	0.013427241705358028	0.011462783440947533
0.039926860481500626	0.0661911591887474	0.07884456217288971	0.0759558156132698	0.10385844856500626	0.05865439772605896	0.07401898503303528	0.06237507238984108	0.07883895933628082	0.037058986723423004	0.05853510648012161	0.10908737033605576	0.05518725514411926	0.09188709408044815	0.07038503885269165	0.08451978117227554	0.13216716051101685	0.06542974710464478	0.03928974270820618	0.039832703769207	0.040910035371780396	0.04095281660556793	0.03732728213071823	0.058522891253232956	0.07883863151073456	0.041287802159786224	0.03330908343195915	0.026712937280535698
0.04034179449081421	0.03562280535697937	0.03748544305562973	0.018485169857740402	0.026565348729491234	0.040339671075344086	0.03869082033634186	0.03590376675128937	0.026174478232860565	0.028219083324074745	0.03474978357553482	0.03957998380064964	0.03890703618526459	0.011323307640850544	0.011268621310591698	0.006459043826907873	0.008583232760429382	0.006967891938984394	0.05785252898931503	0.05661645159125328	0.05848903954029083	0.05754610523581505	0.05162424221634865	0.029778242111206055	0.04816009849309921	0.07160010933876038	0.13196751475334167	0.05251980572938919
0.04373171180486679	0.027928855270147324	0.03285861387848854	0.017362626269459724	0.021409492939710617	0.029996182769536972	0.027660399675369263	0.03519829735159874	0.027224257588386536	0.021863965317606926	0.027511844411492348	0.030103707686066628	0.027570968493819237	0.010155294090509415	0.010059978812932968	0.005499193444848061	0.0057408749125897884	0.005781359970569611	0.03468741849064827	0.034883975982666016	0.03561150282621384	0.035500623285770416	0.032445065677165985	0.026301659643650055	0.03526173532009125	0.053708191961050034	0.11811424791812897	0.04864786937832832
0.04303814470767975	0.030860556289553642	0.031030802056193352	0.01318436674773693	0.01892952062189579	0.030781995505094528	0.02557840757071972	0.03195767104625702	0.01986987516283989	0.02698902226984501	0.026934299618005753	0.030666440725326538	0.03053136356174946	0.007480337284505367	0.00800660066306591	0.004183842800557613	0.004245270509272814	0.004500557202845812	0.04626920074224472	0.04659746587276459	0.04767005518078804	0.04716302827000618	0.04059430584311485	0.02431829459965229	0.03634268045425415	0.06114344671368599	0.11289384216070175	0.06095430254936218
0.042331721633672714	0.027934804558753967	0.028774697333574295	0.012320786714553833	0.01803322695195675	0.031170522794127464	0.024536196142435074	0.03269931674003601	0.020652761682868004	0.03412554785609245	0.031085141003131866	0.025298429653048515	0.031436122953891754	0.007199648767709732	0.009507550857961178	0.0039503974840044975	0.0044219293631613255	0.0045604947954416275	0.04925823211669922	0.04947957023978233	0.0512763150036335	0.050323884934186935	0.04483668506145477	0.028423801064491272	0.035399556159973145	0.06089356914162636	0.07465340197086334	0.10159151256084442
0.04027217999100685	0.03282568231225014	0.040994007140398026	0.018130453303456306	0.02505917102098465	0.03674258291721344	0.03886763006448746	0.05450097471475601	0.031037861481308937	0.030515115708112717	0.031197113916277885	0.026996880769729614	0.03483639657497406	0.00996302254498005	0.011576693505048752	0.0050749629735946655	0.004523344803601503	0.0051138997077941895	0.04127378389239311	0.04130525887012482	0.04333028942346573	0.04249194636940956	0.037963032722473145	0.03473304957151413	0.057357579469680786	0.071357861161232	0.06035410985350609	0.13371166586875916
0.04351573809981346	0.03284352645277977	0.03606580197811127	0.015066397376358509	0.027635416015982628	0.03882528468966484	0.03641336038708687	0.0359661728143692	0.02086509019136429	0.037301670759916306	0.03148883208632469	0.0397275872528553	0.03186662495136261	0.010199503041803837	0.01167588122189045	0.006182149052619934	0.007436038926243782	0.0056312247179448605	0.04626009240746498	0.046540725976228714	0.04776516184210777	0.04711853712797165	0.04268341511487961	0.03378882631659508	0.052533868700265884	0.05996845290064812	0.04492022469639778	0.0820959210395813
0.04455459117889404	0.045809779316186905	0.06694004684686661	0.03418011963367462	0.055721383541822433	0.06003815308213234	0.07173503935337067	0.06291502714157104	0.05011536180973053	0.04166999086737633	0.05507967248558998	0.08812066167593002	0.06753824651241302	0.02687026932835579	0.01839829981327057	0.011236176826059818	0.01176364067941904	0.009711637161672115	0.049258753657341	0.04951447248458862	0.0492691807448864	0.05001057684421539	0.04614673927426338	0.03950466960668564	0.04875596985220909	0.05421175807714462	0.033881790935993195	0.02885931357741356
0.04586255922913551	0.047610584646463394	0.05544034764170647	0.024463854730129242	0.048275213688611984	0.0640062689781189	0.08860509097576141	0.05329715833067894	0.04193658009171486	0.06315472722053528	0.06396577507257462	0.09063810110092163	0.08071274310350418	0.016722341999411583	0.014317816123366356	0.008017320185899734	0.006737035699188709	0.007209969684481621	0.04882268235087395	0.048665162175893784	0.04524565860629082	0.04679509252309799	0.04534261301159859	0.031581200659275055	0.046111710369586945	0.047270532697439194	0.02789488434791565	0.02931436151266098
0.047254063189029694	0.03851956129074097	0.047920554876327515	0.028773045167326927	0.03900083154439926	0.049951888620853424	0.056272175163030624	0.04599194973707199	0.04754725843667984	0.04553917050361633	0.06217225268483162	0.06632880866527557	0.062205005437135696	0.018665757030248642	0.015918610617518425	0.008219955489039421	0.007463846355676651	0.00813871156424284	0.04505227133631706	0.04426915943622589	0.041458629071712494	0.04286344721913338	0.04157170280814171	0.0354030504822731	0.030255615711212158	0.039641670882701874	0.03662515804171562	0.01609783060848713
0.04612897336483002	0.02654888480901718	0.02956978604197502	0.013366803526878357	0.017636103555560112	0.03450567647814751	0.035975389182567596	0.028819246217608452	0.023609936237335205	0.03525234013795853	0.03623194992542267	0.02899054065346718	0.03643808886408806	0.008393625728785992	0.009440549649298191	0.0042999726720154285	0.0040119062177836895	0.005106916185468435	0.051256708800792694	0.04900041222572327	0.0479128472507	0.047741398215293884	0.045383892953395844	0.027092676609754562	0.024890081956982613	0.06082013249397278	0.062191322445869446	0.027250537648797035
0.04615376889705658	0.02989174984395504	0.03200649097561836	0.01975134387612343	0.02438189834356308	0.047143977135419846	0.04704230651259422	0.03809614107012749	0.03818939998745918	0.05550816282629967	0.056360479444265366	0.04182272031903267	0.05141663923859596	0.012698328122496605	0.014022881165146828	0.005400443449616432	0.00564164062961936	0.006596046034246683	0.04802342876791954	0.04577088728547096	0.038233593106269836	0.03977993130683899	0.048115555197000504	0.031424105167388916	0.028046436607837677	0.039490025490522385	0.03224486485123634	0.02588539384305477
0.047017812728881836	0.03200334683060646	0.03358828276395798	0.01719578541815281	0.02270820550620556	0.04522961378097534	0.044082749634981155	0.046281374990940094	0.032640404999256134	0.04874225705862045	0.04299449920654297	0.033432960510253906	0.0463302917778492	0.010711758397519588	0.0119314044713974	0.005296558141708374	0.00506531773135066	0.0058744666166603565	0.04755058139562607	0.04688367247581482	0.044749245047569275	0.045052845031023026	0.04466912895441055	0.030091315507888794	0.026650669053196907	0.042739372700452805	0.03568977490067482	0.03318428620696068
0.04712424427270889	0.029861267656087875	0.03251754119992256	0.01490028202533722	0.020719220861792564	0.04637567326426506	0.037040311843156815	0.040996700525283813	0.023887503892183304	0.06669458746910095	0.04151626303792	0.03117074817419052	0.046162307262420654	0.008764133788645267	0.010802900418639183	0.004493917804211378	0.0047774286940693855	0.004976566880941391	0.051894739270210266	0.0516279935836792	0.05130919814109802	0.05077047646045685	0.04811392351984978	0.02980877086520195	0.027539744973182678	0.04239698871970177	0.03303518146276474	0.05609072372317314
0.045837003737688065	0.03639234974980354	0.03800208121538162	0.018103977665305138	0.023978034034371376	0.06407562643289566	0.04539098963141441	0.05199294909834862	0.02767619676887989	0.08759068697690964	0.04580265283584595	0.031428027898073196	0.06811641901731491	0.009410768747329712	0.012481861747801304	0.004820977803319693	0.005325944162905216	0.005518332589417696	0.05920334905385971	0.0599791444838047	0.06163708120584488	0.06034747511148453	0.05280992388725281	0.030351102352142334	0.032830964773893356	0.04601828753948212	0.02889089658856392	0.07741657644510269
0.04682009667158127	0.03384951129555702	0.030995018780231476	0.01647293195128441	0.029558934271335602	0.052670918405056	0.050224099308252335	0.03745941445231438	0.024453317746520042	0.058681417256593704	0.03628302365541458	0.03760067746043205	0.04280110076069832	0.012310627847909927	0.012414861470460892	0.00554698845371604	0.007182500325143337	0.006249221973121166	0.0412956103682518	0.04104876518249512	0.04176739230751991	0.04121900349855423	0.03825618326663971	0.031109921634197235	0.031420331448316574	0.047783635556697845	0.030519163236021996	0.054708465933799744
0.042013123631477356	0.05192375183105469	0.047854017466306686	0.078549824655056	0.06289558857679367	0.04217188432812691	0.044332556426525116	0.05229593440890312	0.08377114683389664	0.04879504442214966	0.05711089447140694	0.051062215119600296	0.04796323552727699	0.09951339662075043	0.1437200903892517	0.04977793246507645	0.17861105501651764	0.12388578057289124	0.03629916161298752	0.03721962496638298	0.03825899213552475	0.038404494524002075	0.04164948686957359	0.06397950649261475	0.04106235131621361	0.021382085978984833	0.013008806854486465	0.01723243109881878
0.0417034886777401	0.04203566908836365	0.03297882527112961	0.11743701249361038	0.05379112809896469	0.02822794020175934	0.022734832018613815	0.03609370067715645	0.07795881479978561	0.04236821085214615	0.04912352189421654	0.022708212956786156	0.026049751788377762	0.09038296341896057	0.13241007924079895	0.05879736691713333	0.11081104725599289	0.2666897475719452	0.03877495601773262	0.03999361768364906	0.042204342782497406	0.04142981767654419	0.05129512771964073	0.0654238685965538	0.04364580661058426	0.019197573885321617	0.013501942157745361	0.012674902565777302
0.04413703456521034	0.03138250857591629	0.028018750250339508	0.05916915833950043	0.027665741741657257	0.030954375863075256	0.021762369200587273	0.04658978804945946	0.04662439972162247	0.04041985049843788	0.05371733754873276	0.021477170288562775	0.028218677267432213	0.020970556885004044	0.029446212574839592	0.015459914691746235	0.026083385571837425	0.06338837742805481	0.028105353936553	0.027778416872024536	0.02372465655207634	0.027119599282741547	0.0532345287501812	0.04713893681764603	0.04137447476387024	0.0294472798705101	0.023797152563929558	0.04630618169903755
0.04347092658281326	0.0469600073993206	0.026242941617965698	0.05060989409685135	0.02960418350994587	0.027042822912335396	0.019394073635339737	0.030072808265686035	0.029612060636281967	0.043228793889284134	0.03379015997052193	0.01713930070400238	0.023808946833014488	0.04326139762997627	0.04899009317159653	0.027371147647500038	0.04303284361958504	0.0922945886850357	0.03094106912612915	0.030719945207238197	0.03008139878511429	0.03063112311065197	0.04873564466834068	0.08436381816864014	0.04382956773042679	0.0268283449113369	0.019141871482133865	0.03128959238529205