0.03440264239907265	0.11826914548873901	0.08572348207235336	0.12521250545978546	0.09444431215524673	0.049253664910793304	0.05048352852463722	0.04575366526842117	0.07554371654987335	0.031207066029310226	0.03328000754117966	0.027467386797070503	0.030426055192947388	0.15581700205802917	0.12315253913402557	0.22846490144729614	0.10164526849985123	0.08253893256187439	0.033631645143032074	0.03484684228897095	0.03715129941701889	0.036378707736730576	0.03454272821545601	0.0881480723619461	0.08664273470640182	0.0252456646412611	0.011369253508746624	0.016044463962316513
0.03942083939909935	0.06900905817747116	0.05688029155135155	0.10922450572252274	0.08750578761100769	0.03712581470608711	0.03543313220143318	0.03598541393876076	0.05626543611288071	0.026166990399360657	0.02786935120820999	0.030116217210888863	0.02586016245186329	0.17152002453804016	0.1573926955461502	0.27151376008987427	0.15941372513771057	0.1236683800816536	0.03282193839550018	0.03401343524456024	0.03671860694885254	0.03552430495619774	0.030682789161801338	0.06309376657009125	0.052388995885849	0.014719965867698193	0.008170041255652905	0.009127747267484665
0.03946942090988159	0.05792105570435524	0.06337420642375946	0.09620410948991776	0.11209297180175781	0.04774159938097	0.05787276849150658	0.05350180342793465	0.08816438168287277	0.03947998210787773	0.05569900944828987	0.0730929896235466	0.05829371139407158	0.13847282528877258	0.1069134920835495	0.16918890178203583	0.15012820065021515	0.08478840440511703	0.03642093017697334	0.03746897354722023	0.039088331162929535	0.03880266100168228	0.03649448975920677	0.05933184176683426	0.04629375413060188	0.020986607298254967	0.013158923014998436	0.011094623245298862
0.038087088614702225	0.06417228281497955	0.07668089121580124	0.07460972666740417	0.10092687606811523	0.055786944925785065	0.07114987075328827	0.06006762012839317	0.07628995925188065	0.0337885282933712	0.055040791630744934	0.10441001504659653	0.05193334072828293	0.09044430404901505	0.06940405070781708	0.08370360732078552	0.1305273473262787	0.06420939415693283	0.03723715618252754	0.03775434568524361	0.03883405774831772	0.0388680137693882	0.035447023808956146	0.056771453469991684	0.07710257917642593	0.040096137672662735	0.0326833538711071	0.025852041319012642
0.03848287835717201	0.03449264541268349	0.036412641406059265	0.018149755895137787	0.025808217003941536	0.038354404270648956	0.03720252960920334	0.034537747502326965	0.025318240746855736	0.025731518864631653	0.03267626091837883	0.03784491494297981	0.0365932397544384	0.011142630130052567	0.011114532127976418	0.006400002632290125	0.008482467383146286	0.0068427156656980515	0.054820191115140915	0.053652964532375336	0.05550770461559296	0.05460376664996147	0.04902567341923714	0.028902709484100342	0.04703817144036293	0.06954625248908997	0.12944439053535461	0.05083078145980835
0.04171654209494591	0.027025746181607246	0.03187911957502365	0.017028264701366425	0.020772557705640793	0.02847321331501007	0.02654797025024891	0.03382261469960213	0.02629639022052288	0.01990884728729725	0.025838395580649376	0.02877316251397133	0.025896156206727028	0.009979494847357273	0.009909411892294884	0.005444544367492199	0.005661800503730774	0.0056694005616009235	0.032839033752679825	0.03302827104926109	0.03376803174614906	0.03365754708647728	0.03078172728419304	0.025532769039273262	0.03443983942270279	0.05212683230638504	0.11586817353963852	0.047090012580156326
0.04105498641729355	0.029891371726989746	0.030150670558214188	0.012947366572916508	0.01840250752866268	0.029268596321344376	0.02459391951560974	0.03074459172785282	0.019230060279369354	0.024599185213446617	0.02533896267414093	0.029360810294747353	0.028701357543468475	0.007362267002463341	0.00790411327034235	0.004149193875491619	0.0041989535093307495	0.004420075099915266	0.04382798448204994	0.04414265602827072	0.045224882662296295	0.04473717883229256	0.03853730112314224	0.023624060675501823	0.03551158681511879	0.059355612844228745	0.1106610894203186	0.059002380818128586
0.04038122668862343	0.027063196524977684	0.027955614030361176	0.012100905179977417	0.017524726688861847	0.029631415382027626	0.02358573116362095	0.03145189210772514	0.019986635074019432	0.031097281724214554	0.029226399958133698	0.02422306127846241	0.029540935531258583	0.007085807155817747	0.00938285980373621	0.003918161150068045	0.004377231001853943	0.00448122713714838	0.046657320111989975	0.04686940833926201	0.048644766211509705	0.04773328825831413	0.042564332485198975	0.027605542913079262	0.034600865095853806	0.059105705469846725	0.07319856435060501	0.09841299802064896
0.038416538387537	0.03188124671578407	0.03993581607937813	0.017856914550065994	0.024458110332489014	0.035033371299505234	0.03754456713795662	0.05267183110117912	0.03015158884227276	0.027829937636852264	0.02939257025718689	0.0260115098208189	0.032836075872182846	0.009837295860052109	0.011447670869529247	0.00503808306530118	0.004476873204112053	0.005030449945479631	0.03912685438990593	0.03916274383664131	0.04114288091659546	0.04034283012151718	0.03606885299086571	0.033788301050662994	0.056105803698301315	0.06921859085559845	0.05909569561481476	0.12926605343818665
0.04151052236557007	0.03179050236940384	0.035019341856241226	0.01478421688079834	0.02684733457863331	0.03693128749728203	0.03503110259771347	0.034590817987918854	0.020189842209219933	0.03399764001369476	0.0296012070029974	0.03801659867167473	0.029966967180371284	0.010026779025793076	0.011512357741594315	0.006122371647506952	0.0073298560455441475	0.005525951273739338	0.043819840997457504	0.044088054448366165	0.045314185321331024	0.04469408467411995	0.04052074998617172	0.03279690444469452	0.051297448575496674	0.05818753316998482	0.044015973806381226	0.07946062088012695
0.042501598596572876	0.04436497017741203	0.06500379741191864	0.03358449041843414	0.05416559427976608	0.057098083198070526	0.06896519660949707	0.060544371604919434	0.04851830378174782	0.03800157457590103	0.05180880054831505	0.08437701314687729	0.06350379437208176	0.026445625349879265	0.01815442554652691	0.011141658760607243	0.011626834981143475	0.009540253318846226	0.046657320111989975	0.04690196365118027	0.046731650829315186	0.04743269830942154	0.04381149262189865	0.03834818676114082	0.04760044440627098	0.05264515429735184	0.03319832682609558	0.027914434671401978
0.043749209493398666	0.04611070826649666	0.053855229169130325	0.024009432643651962	0.04689129441976547	0.06086127832531929	0.08512897044420242	0.05124330520629883	0.04054500535130501	0.05760512128472328	0.060150500386953354	0.0867050364613533	0.07584991306066513	0.01644645817577839	0.014121186919510365	0.007944398559629917	0.006654985249042511	0.007079321425408125	0.046241965144872665	0.04609636589884758	0.042922042310237885	0.04438423365354538	0.04303924739360809	0.030642231926321983	0.045045141130685806	0.04588286578655243	0.027356289327144623	0.028399817645549774
0.0450766384601593	0.03730497881770134	0.046536196023225784	0.028262045234441757	0.037888091057538986	0.047477323561906815	0.05407062917947769	0.04420595243573189	0.0460040457546711	0.04151514545083046	0.05847126618027687	0.06348755210638046	0.05847954750061035	0.018363388255238533	0.015702785924077034	0.008147628977894783	0.007374021224677563	0.007989739999175072	0.04268188774585724	0.041943926364183426	0.03933924064040184	0.04066728055477142	0.03946810960769653	0.03435026854276657	0.02955889329314232	0.03850135952234268	0.03590698540210724	0.015584909357130527
0.04400337487459183	0.025705641135573387	0.028709569945931435	0.013121931813657284	0.017123015597462654	0.03276943787932396	0.03454103320837021	0.02770223282277584	0.022838423028588295	0.03212296590209007	0.034057311713695526	0.027723440900444984	0.034236840903759	0.008256535977125168	0.009316232055425644	0.004262752365320921	0.003963045310229063	0.005016733892261982	0.04858333244919777	0.04644973576068878	0.045489054173231125	0.045316632837057114	0.043109215795993805	0.026301639154553413	0.024300459772348404	0.059033509343862534	0.060989949852228165	0.026393955573439598
0.044027045369148254	0.02895224466919899	0.03109094500541687	0.01940484158694744	0.023694904521107674	0.044811539351940155	0.04517611488699913	0.036633558571338654	0.03696534410119057	0.05060986801981926	0.052996911108493805	0.04003363475203514	0.04832528904080391	0.012493524700403214	0.013844327069818974	0.005354089196771383	0.005575624294579029	0.006479233503341675	0.04549233987927437	0.04336639493703842	0.036279186606407166	0.037742048501968384	0.04568035155534744	0.03050483763217926	0.02739427611231804	0.03835512325167656	0.0316353514790535	0.025068409740924835
0.04485129937529564	0.031001178547739983	0.0326276496052742	0.016885407269001007	0.02206140197813511	0.04297249764204025	0.042327627539634705	0.04451305791735649	0.031584370881319046	0.044420208781957626	0.040418822318315506	0.031984131783246994	0.04353316128253937	0.010534485802054405	0.011768518947064877	0.005249145440757275	0.005003088619560003	0.0057677011936903	0.04503171890974045	0.04440462961792946	0.0424465648829937	0.04272725060582161	0.042397499084472656	0.02921871654689312	0.026044031605124474	0.04150209575891495	0.03500127047300339	0.03212694078683853
0.04528629407286644	0.03121507354080677	0.029949145391583443	0.01707065850496292	0.023471836000680923	0.048823654651641846	0.04205804690718651	0.042075347155332565	0.030474193394184113	0.0789521187543869	0.053742825984954834	0.03708263859152794	0.05483991280198097	0.010768149048089981	0.011986513622105122	0.005280080251395702	0.005464671645313501	0.005784845910966396	0.0520048514008522	0.05160955712199211	0.049485303461551666	0.04970119148492813	0.04962112382054329	0.028573770076036453	0.023814739659428596	0.03529052436351776	0.02591223642230034	0.03403046354651451
0.045747656375169754	0.02739880234003067	0.030371209606528282	0.013942386023700237	0.02026890031993389	0.04456838592886925	0.03374866396188736	0.03706594184041023	0.021833868697285652	0.062231678515672684	0.03990370035171509	0.030181946232914925	0.04484577849507332	0.008421859703958035	0.01043661218136549	0.00441194511950016	0.004805420991033316	0.004971012938767672	0.045795511454343796	0.045788779854774475	0.045630671083927155	0.04512110725045204	0.04215487092733383	0.028331847861409187	0.026235414668917656	0.036822360008955	0.028877850621938705	0.05483860895037651
0.043726928532123566	0.03637665510177612	0.035709746181964874	0.01605818420648575	0.023785630241036415	0.06097198277711868	0.04258785769343376	0.04897262901067734	0.026188472285866737	0.0890531837940216	0.045714084059000015	0.030477244406938553	0.06611581146717072	0.0091901496052742	0.012383692897856236	0.005061578005552292	0.005487293004989624	0.005767128895968199	0.0596468523144722	0.06052572280168533	0.0626378059387207	0.0612502284348011	0.05311685800552368	0.030130909755825996	0.031745947897434235	0.04541267082095146	0.026556750759482384	0.07432802766561508
0.04472082480788231	0.03307747840881348	0.030546117573976517	0.016953807324171066	0.03149157017469406	0.0506511852145195	0.04813757538795471	0.03715728968381882	0.024410123005509377	0.053466830402612686	0.03666432201862335	0.04105882719159126	0.042044248431921005	0.013306337408721447	0.012992397882044315	0.005800100043416023	0.00767025351524353	0.006736413575708866	0.03947610408067703	0.03922802582383156	0.040150634944438934	0.03954736888408661	0.03688054531812668	0.030451495200395584	0.030530331656336784	0.04467405751347542	0.029299387708306313	0.05054812878370285
0.039985403418540955	0.0501689612865448	0.04608154296875	0.07795709371566772	0.0619271881878376	0.03952348604798317	0.0423564575612545	0.0500401109457016	0.08314159512519836	0.044707734137773514	0.05362004414200783	0.048934683203697205	0.04479876905679703	0.10091251879930496	0.14365963637828827	0.05172865465283394	0.18076613545417786	0.1266368180513382	0.034458938986063004	0.03537621721625328	0.036495160311460495	0.036594536155462265	0.039868783205747604	0.06306789815425873	0.0399450920522213	0.01987244002521038	0.012159234844148159	0.01615118980407715
0.03977199271321297	0.04088286682963371	0.032299015671014786	0.1156456395983696	0.05234363302588463	0.026732711121439934	0.021959692239761353	0.034428130835294724	0.07466774433851242	0.03789336234331131	0.04608980938792229	0.021614452823996544	0.024102412164211273	0.08872997760772705	0.13000743091106415	0.05887344479560852	0.11001085489988327	0.264791876077652	0.036830753087997437	0.03798461705446243	0.04010187089443207	0.039384786039590836	0.0487796850502491	0.06305712461471558	0.04304154962301254	0.01857454515993595	0.013344737701117992	0.01244063675403595
0.042106643319129944	0.03041638806462288	0.027266841381788254	0.058941636234521866	0.027365025132894516	0.029276276007294655	0.020819051191210747	0.04416767135262489	0.04612918570637703	0.03629785031080246	0.05059022456407547	0.020670685917139053	0.026464687660336494	0.02135026454925537	0.028867898508906364	0.015620955266058445	0.02628493122756481	0.06455744057893753	0.026549097150564194	0.026251325383782387	0.022622808814048767	0.025845231488347054	0.05059461295604706	0.045478157699108124	0.04042421281337738	0.029142819344997406	0.023488139733672142	0.045565634965896606
0.041502367705106735	0.04550790786743164	0.025940896943211555	0.05004417523741722	0.028738511726260185	0.025861820206046104	0.018678009510040283	0.028122438117861748	0.02926298789680004	0.03931530937552452	0.031808484345674515	0.016352111473679543	0.022811828181147575	0.0430922694504261	0.04862462356686592	0.027180040255188942	0.04307105019688606	0.09170655906200409	0.029346361756324768	0.02904505282640457	0.028273234143853188	0.02894301898777485	0.04681188240647316	0.08194753527641296	0.04289768263697624	0.025701511651277542	0.0186080951243639	0.030427122488617897