0.016017740592360497	0.05397108197212219	0.0354340635240078	0.07153037935495377	0.04890908673405647	0.021778274327516556	0.020595937967300415	0.02027471363544464	0.03245677798986435	0.021244678646326065	0.015922538936138153	0.009065286256372929	0.014783614315092564	0.10281937569379807	0.09254209697246552	0.18028920888900757	0.07965096086263657	0.06539899855852127	0.02048019878566265	0.021392690017819405	0.02327665686607361	0.022378265857696533	0.02109663188457489	0.0487540178000927	0.03726182505488396	0.00766989029943943	0.007953966036438942	0.015480496920645237
0.01833706721663475	0.031283698976039886	0.023689139634370804	0.06190815567970276	0.04345977306365967	0.015803566202521324	0.013758252374827862	0.01589246094226837	0.023919638246297836	0.0175945982336998	0.01328769326210022	0.009583468548953533	0.011937894858419895	0.11140391230583191	0.11774779111146927	0.21528127789497375	0.1282939612865448	0.10286594927310944	0.02039560303092003	0.021309539675712585	0.023483864963054657	0.02230500616133213	0.019416330382227898	0.034738752990961075	0.022268740460276604	0.004537413362413645	0.005489801988005638	0.008894051425158978
0.018370529636740685	0.026460543274879456	0.02654869854450226	0.05418064817786217	0.05543753504753113	0.02067996747791767	0.022917501628398895	0.023862818256020546	0.03752151131629944	0.026352081447839737	0.02668537013232708	0.02323278971016407	0.027209250256419182	0.089012011885643	0.07864775508642197	0.13341547548770905	0.11836519837379456	0.06851021945476532	0.02255120687186718	0.023371497169137	0.024824876338243484	0.024225009605288506	0.02302754670381546	0.03282997012138367	0.020059898495674133	0.0069635119289159775	0.008757094852626324	0.011061539873480797
0.01762513257563114	0.02845163457095623	0.029113469645380974	0.04009710252285004	0.048170872032642365	0.02704729326069355	0.030859176069498062	0.02579917199909687	0.03094315342605114	0.023132484406232834	0.02634020335972309	0.03072553500533104	0.026795174926519394	0.05761290714144707	0.050716839730739594	0.06571431457996368	0.1053442656993866	0.05163516104221344	0.024351827800273895	0.024736860767006874	0.025814872235059738	0.025453850626945496	0.023465972393751144	0.03144257143139839	0.03459317982196808	0.018769724294543266	0.020593972876667976	0.019167372956871986
0.017757952213287354	0.043767593801021576	0.04716752842068672	0.023853424936532974	0.03228025510907173	0.04085472226142883	0.053574539721012115	0.040336642414331436	0.029197774827480316	0.02411620132625103	0.03233848884701729	0.027191895991563797	0.035057514905929565	0.023196134716272354	0.01729108951985836	0.01539236307144165	0.014161513186991215	0.011082494631409645	0.02923271432518959	0.029352430254220963	0.030253149569034576	0.029929328709840775	0.02759753167629242	0.021830981597304344	0.05641339346766472	0.02166115492582321	0.028398564085364342	0.03273916244506836
0.019466392695903778	0.03569888323545456	0.052139341831207275	0.027851296588778496	0.02455558255314827	0.024181539192795753	0.06337835639715195	0.03323642536997795	0.028232626616954803	0.018652381375432014	0.038716282695531845	0.022687768563628197	0.02163957804441452	0.01543728169053793	0.013746866956353188	0.010893239639699459	0.00882700365036726	0.009771112352609634	0.025975355878472328	0.02637004852294922	0.02564721740782261	0.026957057416439056	0.02642890438437462	0.020463092252612114	0.024217255413532257	0.007451468612998724	0.010364405810832977	0.01864432729780674
0.020177070051431656	0.028381742537021637	0.03960825130343437	0.029435638338327408	0.024510446935892105	0.02481951005756855	0.037462227046489716	0.02724383771419525	0.030137334018945694	0.02133682742714882	0.03218938037753105	0.018916843459010124	0.02215086668729782	0.01607597805559635	0.014800683595240116	0.011283108964562416	0.008722608909010887	0.010012037120759487	0.020828282460570335	0.02079216204583645	0.01759536750614643	0.020657269284129143	0.020698392763733864	0.022004185244441032	0.020591823384165764	0.0067160422913730145	0.00944835040718317	0.014205288141965866
0.019078578799962997	0.021161478012800217	0.030215095728635788	0.015322405844926834	0.01499362662434578	0.026620278134942055	0.02896871045231819	0.021609187126159668	0.020309627056121826	0.020147254690527916	0.022968502715229988	0.012924659997224808	0.025025513023138046	0.00867299921810627	0.010190713219344616	0.0062148007564246655	0.005400079768151045	0.006638631224632263	0.024171335622668266	0.0222250334918499	0.018593745306134224	0.021248651668429375	0.024891775101423264	0.017214203253388405	0.018346918746829033	0.01454094983637333	0.019775675609707832	0.015236773528158665
0.019178571179509163	0.015600401908159256	0.015314931981265545	0.008819316513836384	0.01028390321880579	0.02360672317445278	0.019678881391882896	0.01469819899648428	0.009069203399121761	0.017545219510793686	0.01429581269621849	0.008113101124763489	0.016540493816137314	0.005626290570944548	0.007047876715660095	0.004381662700325251	0.0040407851338386536	0.004214748740196228	0.022774897515773773	0.021261140704154968	0.02132759802043438	0.021180033683776855	0.02059946022927761	0.020080626010894775	0.017188401892781258	0.029308142140507698	0.032118406146764755	0.026654312387108803
0.01899893581867218	0.02091377042233944	0.022109385579824448	0.014478974975645542	0.013670478016138077	0.028362464159727097	0.030024997889995575	0.023173164576292038	0.020764920860528946	0.03229054808616638	0.024127906188368797	0.011881891638040543	0.026286914944648743	0.009178773500025272	0.010150622576475143	0.00557688856497407	0.005785738117992878	0.0062706321477890015	0.028894929215312004	0.02778748609125614	0.023081019520759583	0.025476504117250443	0.028851885348558426	0.017651939764618874	0.017749065533280373	0.015331960283219814	0.02279520407319069	0.02117922529578209
0.02028091624379158	0.01722448132932186	0.02099584974348545	0.011488845571875572	0.016347935423254967	0.022839494049549103	0.023916248232126236	0.02374996617436409	0.016704928129911423	0.044099677354097366	0.02571420557796955	0.018576472997665405	0.024953529238700867	0.008540300652384758	0.007814375683665276	0.005199202336370945	0.004648606758564711	0.0051288423128426075	0.026607928797602654	0.026729315519332886	0.02520635351538658	0.02550313249230385	0.026696935296058655	0.017538145184516907	0.017834151163697243	0.013577326200902462	0.019706571474671364	0.028277305886149406
0.020717110484838486	0.019833216443657875	0.031554214656353	0.020284688100218773	0.03147948905825615	0.025788823142647743	0.034053970128297806	0.031228257343173027	0.029696524143218994	0.030841225758194923	0.03936402127146721	0.03941354900598526	0.031583115458488464	0.01830415613949299	0.01402273029088974	0.009139449335634708	0.007723952177911997	0.007774752099066973	0.020738087594509125	0.020863763988018036	0.020056601613759995	0.02118036337196827	0.021552398800849915	0.02115856297314167	0.019751673564314842	0.01077499520033598	0.015320123173296452	0.017741549760103226
0.020374685525894165	0.02620048075914383	0.030355073511600494	0.020845437422394753	0.03146711736917496	0.027866924181580544	0.029010748490691185	0.029231108725070953	0.02400219812989235	0.02137681469321251	0.030261822044849396	0.03587319701910019	0.028883717954158783	0.015899939462542534	0.013504890725016594	0.00871396716684103	0.006716667674481869	0.006629182957112789	0.018095003440976143	0.018268469721078873	0.01852266862988472	0.018574394285678864	0.017390618100762367	0.01957845501601696	0.03502931445837021	0.019474707543849945	0.028425531461834908	0.022263653576374054
0.01958964206278324	0.038077462464571	0.04173174127936363	0.014763261191546917	0.029180075973272324	0.03329422324895859	0.03202427923679352	0.033027440309524536	0.018405402079224586	0.01857866160571575	0.025812016800045967	0.028641829267144203	0.02991672046482563	0.014768202789127827	0.01256275549530983	0.00917381327599287	0.006955223623663187	0.006049076560884714	0.02287469245493412	0.02328593097627163	0.024290384724736214	0.0237592626363039	0.021609198302030563	0.01733568124473095	0.05723720043897629	0.022226480767130852	0.030586309731006622	0.030451640486717224
0.01994124799966812	0.044574107974767685	0.030617056414484978	0.01671816036105156	0.03369802609086037	0.044723108410835266	0.03602403402328491	0.035859014838933945	0.02251078188419342	0.022714516147971153	0.027178781107068062	0.03005821257829666	0.035890378057956696	0.01113663800060749	0.011150030419230461	0.007043586578220129	0.005837935954332352	0.006520058959722519	0.01982862688601017	0.02005084417760372	0.020320719107985497	0.02023417502641678	0.0191905926913023	0.016711145639419556	0.051249656826257706	0.018334558233618736	0.022592104971408844	0.024726439267396927
0.020516937598586082	0.04141826927661896	0.03560684621334076	0.013102881610393524	0.0226550605148077	0.04228894039988518	0.03628042712807655	0.0320797823369503	0.014497012831270695	0.014597546309232712	0.02120136097073555	0.02492763288319111	0.02429053746163845	0.008565321564674377	0.008722623810172081	0.006759618874639273	0.005835347343236208	0.00581382168456912	0.02574646659195423	0.026453932747244835	0.02844577096402645	0.027363136410713196	0.023044560104608536	0.018160909414291382	0.04434589669108391	0.016970960423350334	0.024980420246720314	0.02267807349562645
0.021431948989629745	0.024816960096359253	0.023161359131336212	0.012977690435945988	0.021595854312181473	0.04004691168665886	0.039571817964315414	0.02452055737376213	0.017111942172050476	0.01634417288005352	0.022237302735447884	0.02813432179391384	0.02940543368458748	0.008851271122694016	0.009485782124102116	0.0056577990762889385	0.005098110064864159	0.005217180587351322	0.017723221331834793	0.017466574907302856	0.01739559695124626	0.017412623390555382	0.017204826697707176	0.016048479825258255	0.019450776278972626	0.013129309751093388	0.017169931903481483	0.016799520701169968
0.02117849327623844	0.01410440169274807	0.014040522277355194	0.007928737439215183	0.011002871207892895	0.024621721357107162	0.020184217020869255	0.015048535540699959	0.009819015860557556	0.017425253987312317	0.015144389122724533	0.011453986167907715	0.02267594449222088	0.005632099229842424	0.007104194723069668	0.004119874909520149	0.003999372012913227	0.004347020760178566	0.020731987431645393	0.02008129097521305	0.020107487216591835	0.019902018830180168	0.019278911873698235	0.015331431291997433	0.014567092061042786	0.023675549775362015	0.02122349850833416	0.018581341952085495
0.02102588303387165	0.012440336868166924	0.011664485558867455	0.005901813972741365	0.00851855892688036	0.01859891042113304	0.012998906895518303	0.012025833129882812	0.00636447174474597	0.014040140435099602	0.010890639387071133	0.009405658580362797	0.013098719529807568	0.004265571013092995	0.005047629587352276	0.0030945921316742897	0.0033259799238294363	0.0034915052819997072	0.018441587686538696	0.01761355809867382	0.01849362440407276	0.017870083451271057	0.016465066000819206	0.012358160689473152	0.014518069103360176	0.03142029419541359	0.03162793442606926	0.025328900665044785
0.02027130499482155	0.027031052857637405	0.02249247208237648	0.011010955087840557	0.015247258357703686	0.023456502705812454	0.018420757725834846	0.021502792835235596	0.012171291746199131	0.016303490847349167	0.015341317281126976	0.011737324297428131	0.014069830067455769	0.007368798833340406	0.011183438822627068	0.007222902029752731	0.006121356040239334	0.005858227144926786	0.023054884746670723	0.02344992384314537	0.024828065186738968	0.024108214303851128	0.021478908136487007	0.02014683187007904	0.04212578386068344	0.028826050460338593	0.03627057373523712	0.02164476364850998
0.02068919502198696	0.03827023133635521	0.032745491713285446	0.012186221778392792	0.015695180743932724	0.03347024694085121	0.022488189861178398	0.0293002650141716	0.011182003654539585	0.015278392471373081	0.015679094940423965	0.010090976022183895	0.013352344743907452	0.007685578428208828	0.011119961738586426	0.008752078749239445	0.0075656333938241005	0.007411476690322161	0.030041277408599854	0.031177114695310593	0.03424690291285515	0.0325319841504097	0.026164762675762177	0.025159377604722977	0.0387212373316288	0.02340238355100155	0.03212767839431763	0.022082915529608727
0.020549099892377853	0.014835497364401817	0.014446302317082882	0.006656167563050985	0.008532077074050903	0.013942599296569824	0.009826173074543476	0.015810387209057808	0.006726100575178862	0.013211160898208618	0.007730650249868631	0.004678277298808098	0.006542800460010767	0.004590838681906462	0.007389126345515251	0.005624060519039631	0.006199867930263281	0.005717452149838209	0.017825914546847343	0.018338706344366074	0.01998174749314785	0.019094614312052727	0.01588451862335205	0.019185349345207214	0.03089449740946293	0.03716461360454559	0.046606749296188354	0.03135715797543526
0.02074943482875824	0.010924831964075565	0.0108861792832613	0.006224621087312698	0.008348783478140831	0.011161765083670616	0.007774122059345245	0.011693354696035385	0.006498211529105902	0.010983627289533615	0.008506192825734615	0.006359090097248554	0.007761481683701277	0.005053273867815733	0.006688967812806368	0.005218570586293936	0.004926418885588646	0.005088688340038061	0.022912291809916496	0.023498008027672768	0.02520706132054329	0.024264900013804436	0.02052791602909565	0.017650166526436806	0.02015681564807892	0.03646242246031761	0.043143097311258316	0.030575783923268318
0.021225780248641968	0.012937378138303757	0.018692387267947197	0.015290306881070137	0.020674346014857292	0.015721870586276054	0.015193167142570019	0.025382719933986664	0.025050872936844826	0.019348179921507835	0.01959202252328396	0.019376467913389206	0.01800304464995861	0.01326674222946167	0.014027025550603867	0.008514033630490303	0.008311498910188675	0.007711451034992933	0.021571950986981392	0.02202524058520794	0.02210991457104683	0.022474398836493492	0.02150273136794567	0.020967626944184303	0.01608116365969181	0.020642228424549103	0.021344009786844254	0.016428915783762932
0.021848173812031746	0.014184694737195969	0.014341599307954311	0.008507744409143925	0.011716341599822044	0.015117761678993702	0.013096396811306477	0.013176778331398964	0.009783769957721233	0.014381607063114643	0.013802837580442429	0.01241227239370346	0.012926832772791386	0.006413993891328573	0.006986308377236128	0.0047974614426493645	0.004236633889377117	0.004733916372060776	0.022271620109677315	0.022632595151662827	0.023008761927485466	0.02265705168247223	0.0202585868537426	0.015451580286026001	0.0153120132163167	0.02487826533615589	0.021220969036221504	0.015729695558547974
0.02151346765458584	0.014704491943120956	0.014739515259861946	0.009431827813386917	0.01306675560772419	0.01810847595334053	0.012126867659389973	0.01353281456977129	0.009761560708284378	0.015539882704615593	0.015388267114758492	0.01136492844671011	0.014260217547416687	0.006636498495936394	0.007188671734184027	0.0054613021202385426	0.004977753851562738	0.0051604933105409145	0.025433579459786415	0.025915032252669334	0.026783261448144913	0.026283245533704758	0.022890612483024597	0.020214222371578217	0.01696470007300377	0.030369525775313377	0.024336570873856544	0.014024550095200539
0.02078499272465706	0.008686033077538013	0.008440266363322735	0.005020062904804945	0.006438867188990116	0.010297524742782116	0.0068755485117435455	0.008356033824384212	0.005758538842201233	0.010972848162055016	0.010118139907717705	0.006053182762116194	0.009143304079771042	0.004080373328179121	0.004562243819236755	0.003274219809100032	0.002917889505624771	0.003535910975188017	0.022277118638157845	0.022219257429242134	0.02331656403839588	0.022443018853664398	0.019783860072493553	0.015021824277937412	0.012012836523354053	0.049667708575725555	0.03921594098210335	0.017310697585344315
0.020305579528212547	0.008006623946130276	0.0061882552690804005	0.003704959526658058	0.004395145922899246	0.009632682427763939	0.005667810793966055	0.007294382434338331	0.003825828665867448	0.009818396531045437	0.007506768684834242	0.003545535961166024	0.007497092243283987	0.0029928695876151323	0.0035079496446996927	0.002166152000427246	0.0024653663858771324	0.002784795593470335	0.020702889189124107	0.02022123895585537	0.02188192494213581	0.020773733034729958	0.017934052273631096	0.013952013105154037	0.00960057694464922	0.06220794841647148	0.033058904111385345	0.019615566357970238
0.02046225033700466	0.007854488678276539	0.006904548965394497	0.004326097667217255	0.005178037565201521	0.009406141005456448	0.006952466908842325	0.009278233163058758	0.005298898555338383	0.012204145081341267	0.009574303403496742	0.005219028797000647	0.010128878057003021	0.0033699662890285254	0.004363698419183493	0.0024491825606673956	0.0025274858344346285	0.003161770524457097	0.026503833010792732	0.027126062661409378	0.028625469654798508	0.027473853901028633	0.02369389683008194	0.012769000604748726	0.009617481380701065	0.048493482172489166	0.03578094393014908	0.02639872394502163
0.020274335518479347	0.009181774221360683	0.008094252087175846	0.004492617212235928	0.005619316827505827	0.012049653567373753	0.007897251285612583	0.009904812090098858	0.004831050056964159	0.018556755036115646	0.011670529842376709	0.005013769026845694	0.011674177832901478	0.0032734579872339964	0.005355947185307741	0.0021817719098180532	0.002781140385195613	0.0032940423116087914	0.02664152719080448	0.027362601831555367	0.02928251586854458	0.02796369045972824	0.023894840851426125	0.014873448759317398	0.011336660012602806	0.050938572734594345	0.028536774218082428	0.03530874848365784
0.01932808756828308	0.012156220152974129	0.015526584349572659	0.008786012418568134	0.010968275368213654	0.014729444868862629	0.012978036887943745	0.01931755617260933	0.012278476729989052	0.016547594219446182	0.015033099800348282	0.008447982370853424	0.01509778667241335	0.005934134125709534	0.008414306677877903	0.0032973370980471373	0.00386348576284945	0.004602116532623768	0.02136746048927307	0.021644242107868195	0.02313934452831745	0.02234036661684513	0.02107783406972885	0.01813076063990593	0.017787382006645203	0.038954440504312515	0.03186221793293953	0.06008356809616089
0.02162799797952175	0.008380136452615261	0.008211762644350529	0.0065803308971226215	0.008767151273787022	0.01154148206114769	0.009920680895447731	0.010570148937404156	0.007349897641688585	0.02006414905190468	0.012732119299471378	0.008554424159228802	0.011247992515563965	0.005574015900492668	0.0064336275681853294	0.0033138939179480076	0.004433345515280962	0.004484016448259354	0.014650454744696617	0.014827081933617592	0.015171557664871216	0.014870630577206612	0.014942762441933155	0.01573961041867733	0.008870869874954224	0.024722129106521606	0.017360391095280647	0.03393130749464035
0.02121772989630699	0.016459252685308456	0.021138973534107208	0.025518417358398438	0.03253113478422165	0.018022751435637474	0.02108636684715748	0.02458249218761921	0.0316847562789917	0.020066235214471817	0.026343679055571556	0.03081977739930153	0.025208501145243645	0.024152057245373726	0.017977407202124596	0.01186666451394558	0.012316047213971615	0.010766458697617054	0.014840846881270409	0.015021939761936665	0.014576497487723827	0.015249857679009438	0.016328131780028343	0.02422981522977352	0.013629460707306862	0.008188570849597454	0.018237680196762085	0.018590470775961876
0.021923542022705078	0.01733175665140152	0.02041683904826641	0.04037276282906532	0.0394962839782238	0.01578206568956375	0.019379256293177605	0.024224935099482536	0.04751868546009064	0.023202378302812576	0.031683798879384995	0.0358707569539547	0.029394332319498062	0.04629531130194664	0.03156963735818863	0.02031509391963482	0.021672790870070457	0.020869668573141098	0.011262204498052597	0.011285641230642796	0.01090459804981947	0.011328968219459057	0.012457393109798431	0.023281631991267204	0.010183779522776604	0.0036863514687865973	0.0059467763639986515	0.008093052543699741
0.021254686638712883	0.0132647305727005	0.015035874210298061	0.0211463775485754	0.022927481681108475	0.01472326461225748	0.016462916508316994	0.020142482593655586	0.02951063960790634	0.01839645393192768	0.023506687954068184	0.035170797258615494	0.021082207560539246	0.019269011914730072	0.012853413820266724	0.008632431738078594	0.010481797158718109	0.011510487645864487	0.015054137445986271	0.013788229785859585	0.011119598522782326	0.012445102445781231	0.01767047867178917	0.016032520681619644	0.011394134722650051	0.008342193439602852	0.0144782280549407	0.011477785184979439
0.02274869754910469	0.01592710241675377	0.019054129719734192	0.021880265325307846	0.023526621982455254	0.0150239747017622	0.019282661378383636	0.020224176347255707	0.03384728729724884	0.01586083509027958	0.02720268815755844	0.04936178773641586	0.027006417512893677	0.019978974014520645	0.010307167656719685	0.0078511293977499	0.0078257592394948	0.01097384188324213	0.010038457810878754	0.00994074996560812	0.008825428783893585	0.009488302282989025	0.011013845913112164	0.016339024528861046	0.010432837530970573	0.004403064493089914	0.006437249481678009	0.007361884694546461
0.022504160180687904	0.018976641818881035	0.02050446718931198	0.03257302939891815	0.03053942508995533	0.016238372772932053	0.021860916167497635	0.02450687624514103	0.05452047288417816	0.023099102079868317	0.03284798189997673	0.06766437739133835	0.039788272231817245	0.024171045050024986	0.01230598334223032	0.009212862700223923	0.00939513836055994	0.011670631356537342	0.009870165959000587	0.009859384037554264	0.008875135332345963	0.009658578783273697	0.011116343550384045	0.01932692527770996	0.00958987046033144	0.003287494881078601	0.005052210763096809	0.005941994953900576
0.02180667407810688	0.024953166022896767	0.027297571301460266	0.04457186535000801	0.03609916940331459	0.018625514581799507	0.024728957563638687	0.025987640023231506	0.06229621171951294	0.02594906836748123	0.03527024760842323	0.0820661187171936	0.040863994508981705	0.03236105665564537	0.016749385744333267	0.015289897099137306	0.0156377125531435	0.01478894054889679	0.01248835027217865	0.012651530094444752	0.011766254901885986	0.012603887356817722	0.01359417662024498	0.018929682672023773	0.011680945754051208	0.003929631784558296	0.005650132894515991	0.006439937744289637
0.02165159024298191	0.018785173073410988	0.019990162923932076	0.0317203663289547	0.03246033936738968	0.019528454169631004	0.0240199975669384	0.02614912949502468	0.05302133038640022	0.02764979377388954	0.040529072284698486	0.10280803591012955	0.051827751100063324	0.03323744982481003	0.01784186251461506	0.01260704267770052	0.014889691025018692	0.013986806385219097	0.014100979082286358	0.013870961032807827	0.012126950547099113	0.013474496081471443	0.015045584179461002	0.020824570208787918	0.010699363425374031	0.004291758872568607	0.006126700900495052	0.006869875360280275
0.021691808477044106	0.0111484844237566	0.012035665102303028	0.010099510662257671	0.011544732376933098	0.013600772246718407	0.0128695173189044	0.014927323907613754	0.014182218350470066	0.015841014683246613	0.016239887103438377	0.013587103225290775	0.0156914871186018	0.007554220035672188	0.008738374337553978	0.004983961582183838	0.00474135484546423	0.0066032009199261665	0.018302595242857933	0.016189297661185265	0.013010332360863686	0.013867204077541828	0.018491264432668686	0.015494880266487598	0.0102688642218709	0.01246538758277893	0.016229435801506042	0.01165395975112915
0.02109820954501629	0.010771396569907665	0.008764260448515415	0.006284207105636597	0.006173779256641865	0.013143391348421574	0.0109865078702569	0.012257618829607964	0.007259128615260124	0.013925042003393173	0.010599376633763313	0.006816883571445942	0.012314969673752785	0.004256410989910364	0.006252741441130638	0.002900281921029091	0.0029545570723712444	0.004474096465855837	0.01824839599430561	0.016483470797538757	0.014825974591076374	0.01484156958758831	0.017406335100531578	0.014764235354959965	0.008782966993749142	0.022101350128650665	0.02166762202978134	0.018095722422003746
0.021118201315402985	0.012910722754895687	0.010593865066766739	0.00978593248873949	0.009154816158115864	0.01705343648791313	0.013842623680830002	0.015218005515635014	0.011452862992882729	0.023285135626792908	0.018532171845436096	0.009826242923736572	0.016600031405687332	0.0062216478399932384	0.008758896961808205	0.0035634981468319893	0.004066236782819033	0.005996168125420809	0.019059062004089355	0.018218182027339935	0.014678980223834515	0.015210520476102829	0.019932379946112633	0.01624532975256443	0.01079515554010868	0.01831975392997265	0.016059203073382378	0.017380986362695694
0.02160305343568325	0.013033276423811913	0.010381988249719143	0.007478734012693167	0.007891466841101646	0.01593416929244995	0.012782163918018341	0.016094988211989403	0.009565054439008236	0.02050158753991127	0.013627210631966591	0.008278406225144863	0.01509677805006504	0.005093709100037813	0.006702331826090813	0.0031617572531104088	0.0030033038929104805	0.005112780723720789	0.019207054749131203	0.018934616819024086	0.017933866009116173	0.017766105011105537	0.0191330648958683	0.015180986374616623	0.009066960774362087	0.021097782999277115	0.019202614203095436	0.020428888499736786
0.021400995552539825	0.01283920556306839	0.010489162057638168	0.006911163218319416	0.006928031332790852	0.017718814313411713	0.011946496553719044	0.015028017573058605	0.007001787889748812	0.027756547555327415	0.012766027823090553	0.006927900481969118	0.015110905282199383	0.004322760738432407	0.006037014536559582	0.0026231869123876095	0.0029752636328339577	0.004146250896155834	0.0194841418415308	0.019435513764619827	0.019270744174718857	0.018794504925608635	0.019213847815990448	0.016471587121486664	0.010344934649765491	0.028178047388792038	0.018858777359128	0.024784859269857407
0.020932454615831375	0.013975020498037338	0.010613861493766308	0.006773132365196943	0.0074082594364881516	0.02086646668612957	0.013069266453385353	0.01721249334514141	0.0075927539728581905	0.04123232886195183	0.015320450998842716	0.006415208335965872	0.021228866651654243	0.004522255156189203	0.006494240835309029	0.0027159685268998146	0.0032793902792036533	0.003770221024751663	0.023361770436167717	0.023901894688606262	0.025012368336319923	0.02413705363869667	0.022246137261390686	0.017646027728915215	0.012641116976737976	0.03320565074682236	0.015395970083773136	0.03889886662364006
0.02155093289911747	0.012883416377007961	0.010097312740981579	0.00971551239490509	0.013088750652968884	0.01618596911430359	0.01518929097801447	0.014502891339361668	0.009850398637354374	0.0273420587182045	0.013155972585082054	0.010700350627303123	0.014123313128948212	0.014930837787687778	0.008390442468225956	0.0056993477046489716	0.006450933869928122	0.005837441422045231	0.015674009919166565	0.015664463862776756	0.015930024906992912	0.015537151135504246	0.016117222607135773	0.016706710681319237	0.010415369644761086	0.020346716046333313	0.017113467678427696	0.03181174024939537
0.018831970170140266	0.023157771676778793	0.017714785411953926	0.049440257251262665	0.025980230420827866	0.013632751069962978	0.012246716767549515	0.016673309728503227	0.03109813667833805	0.01900358311831951	0.017996160313487053	0.009032958187162876	0.013993808999657631	0.06585340201854706	0.11447656899690628	0.05131662264466286	0.16658370196819305	0.1374635547399521	0.017543727532029152	0.018215451389551163	0.01933804340660572	0.01895914599299431	0.022446999326348305	0.0377902016043663	0.01978830061852932	0.0052627152763307095	0.00639742985367775	0.012247747741639614
0.01905597373843193	0.018889522179961205	0.0129433898255229	0.06475303322076797	0.02388220839202404	0.010790915228426456	0.00823205430060625	0.014034002088010311	0.02870192378759384	0.020212627947330475	0.018073976039886475	0.005710066296160221	0.009784432128071785	0.0584656186401844	0.08908521384000778	0.051414404064416885	0.09547588974237442	0.21228408813476562	0.021528851240873337	0.022369075566530228	0.024118831381201744	0.023269427940249443	0.030342506244778633	0.034250471740961075	0.019223693758249283	0.006041365675628185	0.006413021124899387	0.009389256127178669
0.019914710894227028	0.013159405440092087	0.010151011869311333	0.03726867958903313	0.013503222726285458	0.010669448412954807	0.007513553835451603	0.0202161967754364	0.018714888021349907	0.0210356954485178	0.018952548503875732	0.005281857214868069	0.011053232476115227	0.018074501305818558	0.02594069205224514	0.01622864603996277	0.028189295902848244	0.06882956624031067	0.01423657312989235	0.014319886453449726	0.013365715742111206	0.01447825413197279	0.028901392593979836	0.025992291048169136	0.018905891105532646	0.01758795790374279	0.01254077535122633	0.015929603949189186