0.020532146096229553	0.06295027583837509	0.04178599640727043	0.08348066359758377	0.05268775671720505	0.024450944736599922	0.02367478609085083	0.023376034572720528	0.04206027463078499	0.02202073112130165	0.01790122501552105	0.01186897698789835	0.01736614666879177	0.11912141740322113	0.10120822489261627	0.19279278814792633	0.0851982831954956	0.06824631989002228	0.024382581934332848	0.02544070966541767	0.027580389752984047	0.02656896412372589	0.02482195571064949	0.0591873936355114	0.0479021891951561	0.016247747465968132	0.006895119324326515	0.012345833703875542
0.023445164784789085	0.036666154861450195	0.027797820046544075	0.07253453880548477	0.04720518738031387	0.017998365685343742	0.016073521226644516	0.018559616059064865	0.03127751871943474	0.018313461914658546	0.015108578838407993	0.01273988839238882	0.014301152899861336	0.13041292130947113	0.12845437228679657	0.23093199729919434	0.1358964592218399	0.10442817956209183	0.024316640570759773	0.025377079844474792	0.02784629724919796	0.02651674672961235	0.022791573777794838	0.042192328721284866	0.02892960235476494	0.009438450448215008	0.005274214781820774	0.007100648246705532
0.023526247590780258	0.03129734843969345	0.031290892511606216	0.06421491503715515	0.06073027104139328	0.023606177419424057	0.026822524145245552	0.027680939063429832	0.04879894480109215	0.027978558093309402	0.03044118359684944	0.031011471524834633	0.03240378573536873	0.10506842285394669	0.08634411543607712	0.14275865256786346	0.12580154836177826	0.06967895478010178	0.026954397559165955	0.027926836162805557	0.029575815424323082	0.028927935287356377	0.026994524523615837	0.03995949402451515	0.025936631485819817	0.01364122424274683	0.007503533270210028	0.008894224651157856
0.02260536327958107	0.03394680842757225	0.03542869910597801	0.04887835308909416	0.05491966754198074	0.030452553182840347	0.03744709864258766	0.029722096398472786	0.03985239565372467	0.024335693567991257	0.029571786522865295	0.04187643155455589	0.030976414680480957	0.06891723722219467	0.056106485426425934	0.07131805270910263	0.11081312596797943	0.052963536232709885	0.026954637840390205	0.027495602145791054	0.02869320660829544	0.02832876518368721	0.025805342942476273	0.038232944905757904	0.04216700792312622	0.02734021097421646	0.021370485424995422	0.021597331389784813
0.02267584390938282	0.05616679787635803	0.05579695478081703	0.028868522495031357	0.03631507605314255	0.04792216792702675	0.06204809993505478	0.047020070254802704	0.0376388318836689	0.02525617927312851	0.0340409129858017	0.03918366879224777	0.04295551776885986	0.02703484334051609	0.018531659618020058	0.016743451356887817	0.01543103251606226	0.011273403652012348	0.033862754702568054	0.034091632813215256	0.03505079820752144	0.034760888665914536	0.031602293252944946	0.025775305926799774	0.06852303445339203	0.03829452022910118	0.03208012506365776	0.03142934665083885
0.024975717067718506	0.04207506775856018	0.062348149716854095	0.03296979144215584	0.02735651470720768	0.02741316705942154	0.07115088403224945	0.03866712749004364	0.03676402568817139	0.019469134509563446	0.043248191475868225	0.030627258121967316	0.025619233027100563	0.01812620647251606	0.014871970750391483	0.011825958266854286	0.009417704306542873	0.009871009737253189	0.029809962958097458	0.03034142404794693	0.029639199376106262	0.031040199100971222	0.029771411791443825	0.024578476324677467	0.03164541721343994	0.016092916950583458	0.009504122659564018	0.014443527907133102
0.02581642009317875	0.03351140394806862	0.047147318720817566	0.035242948681116104	0.02685648947954178	0.027929313480854034	0.04443041980266571	0.03147878497838974	0.039914339780807495	0.022163651883602142	0.03630242869257927	0.02549610659480095	0.02637428417801857	0.018670983612537384	0.01610514335334301	0.011861451901495457	0.009297657757997513	0.010241172276437283	0.023879587650299072	0.02379985898733139	0.020345106720924377	0.02366633340716362	0.023337814956903458	0.026498306542634964	0.02626951038837433	0.014008650556206703	0.008447086438536644	0.011256551370024681
0.0244966521859169	0.024419914931058884	0.036174092441797256	0.018661074340343475	0.016890153288841248	0.03036371059715748	0.03525913134217262	0.02588285133242607	0.027716344222426414	0.021005084738135338	0.02653731219470501	0.01847083680331707	0.031079724431037903	0.01050589606165886	0.011296136304736137	0.0066322204656898975	0.005865790415555239	0.006951476447284222	0.027984919026494026	0.025813963264226913	0.021711185574531555	0.024728596210479736	0.0283537395298481	0.020695537328720093	0.02196555770933628	0.02254699356853962	0.019640343263745308	0.013220220804214478
0.02458839863538742	0.018147077411413193	0.01824650727212429	0.010562445968389511	0.010914538986980915	0.024181652814149857	0.021309616044163704	0.01694672554731369	0.012396473437547684	0.018467960879206657	0.016194086521863937	0.011401468887925148	0.019709989428520203	0.006684303283691406	0.007657935842871666	0.004630533512681723	0.00442523043602705	0.004389142617583275	0.028104951605200768	0.0259358249604702	0.026049315929412842	0.025915730744600296	0.025120537728071213	0.023880353197455406	0.019358988851308823	0.03400450199842453	0.04692244902253151	0.028446635231375694
0.02436034381389618	0.025520257651805878	0.026789924129843712	0.017045721411705017	0.014784866012632847	0.033678844571113586	0.03606581315398216	0.027677377685904503	0.027172749862074852	0.034120555967092514	0.0278923436999321	0.015800531953573227	0.03296593576669693	0.010634202510118484	0.011438687331974506	0.0059015946462750435	0.006121003534644842	0.006409915164113045	0.03768206387758255	0.03603570535778999	0.02961825765669346	0.03295730799436569	0.03667324408888817	0.021814119070768356	0.022906268015503883	0.029708534479141235	0.020567281171679497	0.014981904998421669
0.025983119383454323	0.020211415365338326	0.024814127013087273	0.01365585532039404	0.017851566895842552	0.026898253709077835	0.028312159702181816	0.0272540096193552	0.02198142558336258	0.047284144908189774	0.02984427846968174	0.02510291151702404	0.03140055015683174	0.00992483552545309	0.008565127849578857	0.005505476146936417	0.004964982159435749	0.005308548454195261	0.033113472163677216	0.033253636211156845	0.03092825785279274	0.03151542320847511	0.032947491854429245	0.021180182695388794	0.022365158423781395	0.02858303114771843	0.01602592132985592	0.019651886075735092
0.026540448889136314	0.022586263716220856	0.03648613020777702	0.02398955263197422	0.03408515453338623	0.028378136456012726	0.03889898583292961	0.035761427134275436	0.039179861545562744	0.03214317560195923	0.044853951781988144	0.05179575830698013	0.03784692659974098	0.021466650068759918	0.015222583897411823	0.009690334089100361	0.008272221311926842	0.007962102070450783	0.024371931329369545	0.0244758278131485	0.023319274187088013	0.024817470461130142	0.0253578033298254	0.02579297497868538	0.024906469509005547	0.020388290286064148	0.01392457727342844	0.014582488685846329
0.02590135857462883	0.030365820974111557	0.03516407310962677	0.024582702666521072	0.032755330204963684	0.03198561817407608	0.03259092941880226	0.03332005441188812	0.030852755531668663	0.021868402138352394	0.0319475419819355	0.04725705832242966	0.03407328948378563	0.01835757866501808	0.014413920231163502	0.009266089648008347	0.00727565074339509	0.0067162238992750645	0.02143103815615177	0.021660754457116127	0.021919187158346176	0.02203127183020115	0.02038154937326908	0.023488381877541542	0.04108038917183876	0.03054700419306755	0.034732963889837265	0.0274154432117939
0.02481192722916603	0.0480583980679512	0.04730651527643204	0.017127064988017082	0.02943911962211132	0.04038165509700775	0.037524688988924026	0.041210006922483444	0.022533871233463287	0.018378952518105507	0.02725983038544655	0.04054291173815727	0.038719408214092255	0.01688494347035885	0.013651376590132713	0.00941308494657278	0.007257322780787945	0.0060637579299509525	0.027522973716259003	0.028011301532387733	0.029113851487636566	0.028555694967508316	0.02571083791553974	0.02066596783697605	0.06918439269065857	0.03567906469106674	0.034178636968135834	0.03563612699508667
0.025463169440627098	0.05244411528110504	0.03644771873950958	0.01946604624390602	0.036665040999650955	0.05118565633893013	0.04246055334806442	0.04203982651233673	0.029064582660794258	0.023605890572071075	0.030586082488298416	0.03935311362147331	0.04184291884303093	0.012942143715918064	0.012093794532120228	0.007291189860552549	0.0060037062503397465	0.00651073781773448	0.024007640779018402	0.024272510781884193	0.0245206318795681	0.024463558569550514	0.022920886054635048	0.01971290446817875	0.060228943824768066	0.028750961646437645	0.024247461929917336	0.029799791052937508
0.027058782055974007	0.030031630769371986	0.03948862850666046	0.019233770668506622	0.06768100708723068	0.0421200692653656	0.03856484964489937	0.051122862845659256	0.035472672432661057	0.02081693522632122	0.06205986067652702	0.10716988891363144	0.05245478078722954	0.014530991204082966	0.01192975603044033	0.008331544697284698	0.006902681197971106	0.006796881556510925	0.020569857209920883	0.020856520161032677	0.02100622095167637	0.021058673039078712	0.019434208050370216	0.023401476442813873	0.031146835535764694	0.017783554270863533	0.01082347147166729	0.013624953106045723
0.027441831305623055	0.0293655414134264	0.041073448956012726	0.019382352009415627	0.062232088297605515	0.05678178742527962	0.03703886643052101	0.051616571843624115	0.029739653691649437	0.018074294552206993	0.03054305724799633	0.04996411129832268	0.02863660827279091	0.01470925286412239	0.01357276365160942	0.008630223572254181	0.0063116117380559444	0.006327816750854254	0.019339000806212425	0.019762996584177017	0.02082393690943718	0.02031537890434265	0.017469817772507668	0.02387206070125103	0.0319797620177269	0.019824348390102386	0.012224131263792515	0.016066251322627068
0.026013636961579323	0.028227005153894424	0.02750776894390583	0.014332935214042664	0.0316849909722805	0.029827583581209183	0.023530786857008934	0.029014257714152336	0.022265233099460602	0.01921006664633751	0.026420602574944496	0.03886478394269943	0.0271834097802639	0.011183975264430046	0.01230709720402956	0.007127452176064253	0.005699007771909237	0.0054679443128407	0.02451913058757782	0.024835024029016495	0.025428257882595062	0.02523493766784668	0.02273254282772541	0.019850291311740875	0.03880596533417702	0.03704157844185829	0.04624650999903679	0.03163740783929825
0.02553565427660942	0.014202493242919445	0.015582798980176449	0.008359820581972599	0.01207984983921051	0.016561828553676605	0.013156116008758545	0.016140945255756378	0.012021014466881752	0.016729025170207024	0.01717277429997921	0.014776098541915417	0.017773736268281937	0.006338559091091156	0.007257010322064161	0.0039668758399784565	0.003551456145942211	0.004010817967355251	0.025737661868333817	0.025591816753149033	0.02680360898375511	0.025933532044291496	0.02364116534590721	0.015427897684276104	0.01795342192053795	0.04724733531475067	0.08118169754743576	0.041193023324012756
0.025249041616916656	0.012813790701329708	0.010160817764699459	0.006420033983886242	0.007111761718988419	0.01570015214383602	0.009378202259540558	0.01240631751716137	0.00755595788359642	0.014265351928770542	0.01132191438227892	0.009261141531169415	0.012721641920506954	0.004311681725084782	0.005002919118851423	0.002875290345400572	0.003035072237253189	0.003294977592304349	0.02575034834444523	0.024665340781211853	0.02631620690226555	0.02520223706960678	0.022648431360721588	0.014813435263931751	0.012360483407974243	0.036232881247997284	0.11083098500967026	0.04254010319709778
0.02604687586426735	0.012119058519601822	0.011243678629398346	0.007509239017963409	0.00781992170959711	0.012735777534544468	0.009634047746658325	0.013327398337423801	0.009639945812523365	0.012801042757928371	0.011281362734735012	0.009013301692903042	0.012019054032862186	0.004884854890406132	0.005731397774070501	0.0034247664734721184	0.0033264830708503723	0.004090515896677971	0.0213349387049675	0.021703552454710007	0.022838477045297623	0.02216748334467411	0.019185500219464302	0.015047824941575527	0.014241904951632023	0.03486798703670502	0.07328115403652191	0.03981708735227585
0.026110485196113586	0.012581958435475826	0.011545650660991669	0.00675786891952157	0.008065945468842983	0.014147412963211536	0.009776300750672817	0.013886991888284683	0.008303714916110039	0.0157672930508852	0.012092402204871178	0.009252975694835186	0.013174833729863167	0.004700545687228441	0.005133940372616053	0.0029097790829837322	0.002997958566993475	0.003347789403051138	0.025115231052041054	0.02555604837834835	0.026697780936956406	0.025915993377566338	0.022285575047135353	0.015419243834912777	0.013581281527876854	0.039712414145469666	0.06783547252416611	0.0419265516102314
0.02554229088127613	0.013631886802613735	0.011425389908254147	0.0066438461653888226	0.008179859258234501	0.016851410269737244	0.010564807802438736	0.013313153758645058	0.008057833649218082	0.022165821865200996	0.01284755952656269	0.008422894403338432	0.014632875099778175	0.004253838676959276	0.005626056808978319	0.0027932540979236364	0.0031097575556486845	0.0035628776531666517	0.027745449915528297	0.028139691799879074	0.029891755431890488	0.02872117981314659	0.025129787623882294	0.01584637351334095	0.014571117237210274	0.04020489752292633	0.041398998349905014	0.07533855736255646
0.023695500567555428	0.01886090636253357	0.018669268116354942	0.016189731657505035	0.01705591380596161	0.022446924820542336	0.017779158428311348	0.02370324358344078	0.02351170778274536	0.03430146723985672	0.022141380235552788	0.014148126356303692	0.023212436586618423	0.011064345948398113	0.014028193429112434	0.006116228643804789	0.00740486104041338	0.007883844897150993	0.02563438192009926	0.02530679665505886	0.026190422475337982	0.025905709713697433	0.027377504855394363	0.02396870031952858	0.021060040220618248	0.034439817070961	0.027280690148472786	0.07857412844896317
0.026750998571515083	0.014612685889005661	0.01397095900028944	0.007160119712352753	0.010509981773793697	0.01947086863219738	0.013019105419516563	0.014534731395542622	0.00926385447382927	0.02790040336549282	0.012757553718984127	0.01147414743900299	0.013942796736955643	0.005797725170850754	0.0061705815605819225	0.003876803442835808	0.004080210812389851	0.004223985597491264	0.031947240233421326	0.03257528319954872	0.03471209108829498	0.03329381346702576	0.02865203469991684	0.01863435097038746	0.020837144926190376	0.035438477993011475	0.02382323332130909	0.05125436559319496
0.02675611898303032	0.023206138983368874	0.028429577127099037	0.03133116662502289	0.03788967803120613	0.025448190048336983	0.027663808315992355	0.03483322635293007	0.04337248578667641	0.025916511192917824	0.031125128269195557	0.04788462072610855	0.03589170426130295	0.027101097628474236	0.017987659201025963	0.013415454886853695	0.01332013588398695	0.010430815629661083	0.022472569718956947	0.02278364636003971	0.02274206466972828	0.02326323837041855	0.022859757766127586	0.02917071059346199	0.02023664489388466	0.021048706024885178	0.01542068924754858	0.015085175633430481
0.02805524691939354	0.0313519686460495	0.0288478322327137	0.031566500663757324	0.03755316883325577	0.0299244187772274	0.03592251241207123	0.03217682987451553	0.043069083243608475	0.027838168665766716	0.03665700927376747	0.061770614236593246	0.042850594967603683	0.02509867213666439	0.014543893747031689	0.01321488432586193	0.01065207738429308	0.010256056673824787	0.015924552455544472	0.016223382204771042	0.0163430143147707	0.01651056483387947	0.015234594233334064	0.025033190846443176	0.019917696714401245	0.012351957149803638	0.011771620251238346	0.008623138070106506
0.02849102020263672	0.017256414517760277	0.018891507759690285	0.020288651809096336	0.024166427552700043	0.021107222884893417	0.025824306532740593	0.024830443784594536	0.0339525043964386	0.025593401864171028	0.03084917552769184	0.045052215456962585	0.034622929990291595	0.01659073308110237	0.012133625335991383	0.008314467966556549	0.006955832242965698	0.007436865009367466	0.017713813111186028	0.01732167787849903	0.0158509723842144	0.01662488654255867	0.017414314672350883	0.023386333137750626	0.01223363820463419	0.013006416149437428	0.01106634084135294	0.007428686134517193
0.027913149446249008	0.013664732687175274	0.014742841944098473	0.01153880450874567	0.01268007792532444	0.017271026968955994	0.018031857907772064	0.017527686432003975	0.018262231722474098	0.018293200060725212	0.02230655588209629	0.022237436845898628	0.02320234850049019	0.008871826343238354	0.008339246734976768	0.005348769947886467	0.004678152967244387	0.005694075021892786	0.02180885337293148	0.02059609815478325	0.017907677218317986	0.018265487626194954	0.02159590646624565	0.018275193870067596	0.011880230158567429	0.019701674580574036	0.019381564110517502	0.012400886043906212
0.027361316606402397	0.013330161571502686	0.010897205211222172	0.007914546877145767	0.007494880817830563	0.01728086546063423	0.014202216640114784	0.013784600421786308	0.01078591775149107	0.017298540100455284	0.015972038730978966	0.009666179306805134	0.016580427065491676	0.0054617091082036495	0.007139615248888731	0.003135797567665577	0.003621559590101242	0.004330569412559271	0.028491981327533722	0.026199135929346085	0.024928627535700798	0.02465013973414898	0.025967460125684738	0.016475077718496323	0.009697824716567993	0.029634691774845123	0.029690304771065712	0.01918640546500683
0.02754407562315464	0.01573900133371353	0.013854673132300377	0.011873112991452217	0.010971620678901672	0.02190004102885723	0.020100289955735207	0.017691513523459435	0.017568834125995636	0.030741823837161064	0.026242569088935852	0.014890015125274658	0.022090556100010872	0.0076226769015192986	0.01004409696906805	0.003860396333038807	0.004614464472979307	0.005626859609037638	0.02579737827181816	0.02495764195919037	0.021008610725402832	0.02144911140203476	0.02593408338725567	0.018573589622974396	0.012340687215328217	0.02220994047820568	0.015168980695307255	0.01652109995484352
0.027917778119444847	0.015970833599567413	0.0134573420509696	0.009966709651052952	0.0101121561601758	0.02085975743830204	0.017904983833432198	0.019995328038930893	0.014945045113563538	0.02746114693582058	0.022760044783353806	0.01228258851915598	0.020297564566135406	0.00665669608861208	0.008409474045038223	0.003545979270711541	0.003930381499230862	0.005179399624466896	0.02517770230770111	0.024983495473861694	0.024189092218875885	0.02389194630086422	0.024880221113562584	0.01797661744058132	0.011019439436495304	0.02478668838739395	0.01732582598924637	0.02156771533191204
0.0277535580098629	0.016313426196575165	0.014259951189160347	0.009544475935399532	0.009493731893599033	0.023681186139583588	0.018170615658164024	0.017989784479141235	0.011363644152879715	0.03994595259428024	0.021227477118372917	0.011237330734729767	0.020354868844151497	0.005588964093476534	0.00750961946323514	0.0028515164740383625	0.003784218104556203	0.004456358030438423	0.02686416357755661	0.026926813647150993	0.02726079523563385	0.026501188054680824	0.02642444148659706	0.019034255295991898	0.01181277446448803	0.026582729071378708	0.01788191869854927	0.03404757380485535
0.026822220534086227	0.018310926854610443	0.014815949834883213	0.009007277898490429	0.013432607054710388	0.02965235896408558	0.020861536264419556	0.021919401362538338	0.013012757524847984	0.05705453082919121	0.0250309556722641	0.010986223816871643	0.03134889528155327	0.006142943631857634	0.008457690477371216	0.003120729699730873	0.003974368330091238	0.0045999097637832165	0.038387786597013474	0.039284396916627884	0.04142511263489723	0.03984316065907478	0.035459648817777634	0.019301459193229675	0.014002878218889236	0.03208400309085846	0.014652837067842484	0.04600044712424278
0.027511034160852432	0.014958715997636318	0.012661885470151901	0.009236968122422695	0.011363712139427662	0.021060805767774582	0.01819438301026821	0.015167778357863426	0.010508432053029537	0.03919335454702377	0.015930498018860817	0.010303949005901814	0.01737421751022339	0.007723902817815542	0.007850798778235912	0.004135971423238516	0.005659603513777256	0.005304707679897547	0.027759570628404617	0.027997368946671486	0.02936134673655033	0.02830001898109913	0.02605919912457466	0.02105325274169445	0.014453803189098835	0.032169159501791	0.017394764348864555	0.03315458446741104
0.02401379682123661	0.02756817638874054	0.02258695475757122	0.05930326506495476	0.03250506892800331	0.017432112246751785	0.016497135162353516	0.021197762340307236	0.04650573804974556	0.022567812353372574	0.025480488315224648	0.015049253590404987	0.01954614743590355	0.07980647683143616	0.12337389588356018	0.0545598641037941	0.1742069125175476	0.13206028938293457	0.02262180484831333	0.023417070508003235	0.0244978666305542	0.024276580661535263	0.02843613363802433	0.04456651955842972	0.02410653606057167	0.010704195126891136	0.005519560072571039	0.009924277663230896
0.02414555661380291	0.023139681667089462	0.01610409840941429	0.08003154397010803	0.028382735326886177	0.01344343926757574	0.010143990628421307	0.016776664182543755	0.04049396142363548	0.024380197748541832	0.023073581978678703	0.008522520773112774	0.01300090178847313	0.07147285342216492	0.10206196457147598	0.05355466902256012	0.10224124044179916	0.22310787439346313	0.026209181174635887	0.027224887162446976	0.029321011155843735	0.028290657326579094	0.034863244742155075	0.04105571657419205	0.023682739585638046	0.012021750211715698	0.006407257169485092	0.008500123396515846
0.025358576327562332	0.017847644165158272	0.014075854793190956	0.04753618314862251	0.01670868881046772	0.015163717791438103	0.010767875239253044	0.025013413280248642	0.027574757114052773	0.030568871647119522	0.025276245549321175	0.008645419962704182	0.015643374994397163	0.0208971556276083	0.03051120415329933	0.017704783007502556	0.030178440734744072	0.07305795699357986	0.018686888739466667	0.01883764937520027	0.017540717497467995	0.01897186040878296	0.035269495099782944	0.030932242050766945	0.02157622203230858	0.019245518371462822	0.01225877646356821	0.028268948197364807
0.025189291685819626	0.02652817592024803	0.012680957093834877	0.037590861320495605	0.015367397107183933	0.01230478473007679	0.009203094989061356	0.01543221715837717	0.015548686496913433	0.0347030945122242	0.0176999494433403	0.006595735903829336	0.013808010146021843	0.034435875713825226	0.0389159619808197	0.026621632277965546	0.04372171685099602	0.08243637531995773	0.020010855048894882	0.020320991054177284	0.02100355178117752	0.02061733789741993	0.028453966602683067	0.05522944778203964	0.023131364956498146	0.0163870956748724	0.009818757884204388	0.016516543924808502