0.015820682048797607	0.058127909898757935	0.04108214005827904	0.08845707029104233	0.05345651134848595	0.023384254425764084	0.021514354273676872	0.018523627892136574	0.03580598160624504	0.02142898365855217	0.015233099460601807	0.008835092186927795	0.013966822996735573	0.12538501620292664	0.12322577834129333	0.21466590464115143	0.11910222470760345	0.11856234818696976	0.022374924272298813	0.023477809503674507	0.025351617485284805	0.024610616266727448	0.023299090564250946	0.05408598855137825	0.048300523310899734	0.011287139728665352	0.005694618448615074	0.00892205536365509
0.018168514594435692	0.03384792432188988	0.027505742385983467	0.07737012952566147	0.0479346327483654	0.017393019050359726	0.014804672449827194	0.014734495431184769	0.026767548173666	0.01783410646021366	0.012937672436237335	0.009635799564421177	0.011640825308859348	0.1371847242116928	0.15480688214302063	0.2562316060066223	0.19028303027153015	0.18279694020748138	0.021971935406327248	0.02305682934820652	0.02517610788345337	0.02417907491326332	0.02119847759604454	0.037854697555303574	0.028297044336795807	0.006547983735799789	0.0042358748614788055	0.005077693611383438
0.018167022615671158	0.02864382416009903	0.03084900602698326	0.06798054277896881	0.06149205192923546	0.022649666294455528	0.02443288080394268	0.022002868354320526	0.041587311774492264	0.0258768480271101	0.02568388357758522	0.023496106266975403	0.026390204206109047	0.11067534238100052	0.10389626771211624	0.1579361855983734	0.17566049098968506	0.11923009157180786	0.023883791640400887	0.02487538568675518	0.026273008435964584	0.02587861754000187	0.024633970111608505	0.036333199590444565	0.0257103368639946	0.010136067867279053	0.006496393121778965	0.006437908858060837
0.01748979091644287	0.03157445788383484	0.0359354130923748	0.05280311778187752	0.05393458157777786	0.026822177693247795	0.030986599624156952	0.02388487569987774	0.034647878259420395	0.023780686780810356	0.025200990960001945	0.029738491401076317	0.02402283065021038	0.07293014228343964	0.06876608729362488	0.07976637035608292	0.15665017068386078	0.0936102569103241	0.024883229285478592	0.025496505200862885	0.026431916281580925	0.02633977308869362	0.024419866502285004	0.0350077822804451	0.04064968228340149	0.023590484634041786	0.016952401027083397	0.013406658545136452
0.017793932929635048	0.019621284678578377	0.0197935551404953	0.014101720415055752	0.017141152173280716	0.025517335161566734	0.02330085262656212	0.017021559178829193	0.013508901931345463	0.02127142809331417	0.01775430142879486	0.013903272338211536	0.020863045006990433	0.010649149306118488	0.012914597056806087	0.006805675569921732	0.010649632662534714	0.010480379685759544	0.033801086246967316	0.033242080360651016	0.03409057483077049	0.03362487629055977	0.0314006507396698	0.019300295040011406	0.02469521015882492	0.05427881330251694	0.043081000447273254	0.020743077620863914
0.01860811933875084	0.02693881466984749	0.02339521050453186	0.01724565401673317	0.019145280122756958	0.0303194522857666	0.029584208503365517	0.0234953835606575	0.020038286224007607	0.020409278571605682	0.019808705896139145	0.018579229712486267	0.027767479419708252	0.011282628402113914	0.01209343783557415	0.006495294626802206	0.0071089607663452625	0.01218758337199688	0.029493184760212898	0.029377082362771034	0.029847437515854836	0.02950156293809414	0.02775627002120018	0.018214084208011627	0.025023041293025017	0.0393981970846653	0.036142174154520035	0.022087663412094116
0.019031455740332603	0.016244618222117424	0.015132531523704529	0.01069369725883007	0.010904200375080109	0.016974573954939842	0.013692944310605526	0.014423893764615059	0.010694886557757854	0.017530977725982666	0.01290209125727415	0.00889524631202221	0.014952654018998146	0.007001796737313271	0.009016304276883602	0.004507592413574457	0.005017183255404234	0.0074032084085047245	0.02730882540345192	0.027681341394782066	0.0288691483438015	0.028250709176063538	0.02524876967072487	0.017346087843179703	0.019370822235941887	0.04856201633810997	0.04310592636466026	0.02650604397058487
0.01891283504664898	0.012925435788929462	0.012650039978325367	0.00891769677400589	0.009770185686647892	0.014376224018633366	0.011226197704672813	0.012417715042829514	0.008962058462202549	0.02108073979616165	0.012680554762482643	0.0062233577482402325	0.013112347573041916	0.006116700358688831	0.009382599964737892	0.004047231283038855	0.004613213706761599	0.006618567742407322	0.02753765508532524	0.028079122304916382	0.029407206922769547	0.02864951454102993	0.02580234408378601	0.018654705956578255	0.019874071702361107	0.054222870618104935	0.0331534743309021	0.0332014262676239
0.018059667199850082	0.014412574470043182	0.01705583557486534	0.01191714871674776	0.012876100838184357	0.01682485267519951	0.01411636732518673	0.018793195486068726	0.014146998524665833	0.02227950282394886	0.014333398081362247	0.007453113794326782	0.015748346224427223	0.007818447425961494	0.010949634946882725	0.004876030143350363	0.0048585496842861176	0.006910390220582485	0.02645323984324932	0.027174392715096474	0.028791846707463264	0.028043752536177635	0.0254246536642313	0.01912052556872368	0.02669670805335045	0.06226538494229317	0.029517890885472298	0.04821120575070381
0.01935424655675888	0.01394170057028532	0.013622227124869823	0.007956072688102722	0.010212474502623081	0.014446014538407326	0.010946492664515972	0.01162104494869709	0.006850056815892458	0.022474421188235283	0.010350392200052738	0.00721526425331831	0.010997834615409374	0.0061876410618424416	0.008892307989299297	0.0047360979951918125	0.00522719556465745	0.005961757153272629	0.02776939980685711	0.028426753357052803	0.030223926529288292	0.029207434505224228	0.025492513552308083	0.01758190244436264	0.023531263694167137	0.044740960001945496	0.033266231417655945	0.036439452320337296
0.01935485564172268	0.013764279894530773	0.016826419159770012	0.012877766974270344	0.013485611416399479	0.014967653900384903	0.014548169448971748	0.01713900826871395	0.01453809067606926	0.01638120971620083	0.01486203633248806	0.014557894319295883	0.017087528482079506	0.010099912993609905	0.01213329378515482	0.005147334188222885	0.005192514508962631	0.008512469939887524	0.022608287632465363	0.02284463495016098	0.023386551067233086	0.0232145544141531	0.02204454503953457	0.016942614689469337	0.01562592200934887	0.021683553233742714	0.06084585562348366	0.03609827160835266
0.020833434537053108	0.008969314396381378	0.009728205390274525	0.007696256507188082	0.008140848018229008	0.010070395655930042	0.008862243965268135	0.010885575786232948	0.007867327891290188	0.011464555747807026	0.009263463318347931	0.005919217597693205	0.009304318577051163	0.005821298807859421	0.007153828628361225	0.0035023903474211693	0.003998589236289263	0.005617793183773756	0.014031736180186272	0.014302246272563934	0.014915481209754944	0.014635073021054268	0.013303326442837715	0.013958080671727657	0.012051406316459179	0.01683070883154869	0.05302395299077034	0.031423479318618774
0.020623689517378807	0.008131534792482853	0.009047594852745533	0.006713525392115116	0.007223030086606741	0.009539809077978134	0.0075884293764829636	0.009866745211184025	0.006602510344237089	0.012785273604094982	0.009437558241188526	0.00566510297358036	0.009925635531544685	0.0054419320076704025	0.006576866377145052	0.003017094684764743	0.003168814815580845	0.0046615912579	0.017442427575588226	0.01762367971241474	0.01823456771671772	0.017890268936753273	0.01621992513537407	0.014212633483111858	0.009274902753531933	0.018949830904603004	0.04811716452240944	0.03929338604211807
0.020307810977101326	0.007557401899248362	0.008742321282625198	0.0060732802376151085	0.006293031852692366	0.009566055610775948	0.007539449259638786	0.009175850078463554	0.006328421179205179	0.013399283401668072	0.009690864942967892	0.005029815714806318	0.010348275303840637	0.0053571355529129505	0.006871041376143694	0.0027748190332204103	0.00325487507507205	0.00464729405939579	0.017717845737934113	0.0179373100399971	0.01879492960870266	0.018298666924238205	0.016836848109960556	0.016110310330986977	0.010923407040536404	0.02275729924440384	0.03187870606780052	0.057477619498968124
0.01848909631371498	0.018939634785056114	0.025576643645763397	0.020481051877141	0.025963323190808296	0.024801835417747498	0.026689529418945312	0.03208363801240921	0.027386145666241646	0.022509315982460976	0.02038859948515892	0.019726429134607315	0.025699596852064133	0.015128670260310173	0.01627325266599655	0.0061264848336577415	0.00750522268936038	0.009189465083181858	0.021168328821659088	0.02144307643175125	0.022092344239354134	0.02204175852239132	0.02173665724694729	0.024701304733753204	0.02679232507944107	0.024535957723855972	0.023903686553239822	0.03989468887448311
0.020551016554236412	0.01586351916193962	0.016778217628598213	0.010790940374135971	0.01653747819364071	0.019834788516163826	0.019499709829688072	0.01780230924487114	0.011244148015975952	0.01831558533012867	0.01285888534039259	0.016719402745366096	0.015932247042655945	0.008136572316288948	0.009612245485186577	0.004759171977639198	0.006233586464077234	0.006432709749788046	0.017549186944961548	0.01770532689988613	0.018038656562566757	0.017824320122599602	0.016997603699564934	0.01950041763484478	0.01880214922130108	0.015606308355927467	0.015576149336993694	0.03691943362355232
0.020427441224455833	0.0211417768150568	0.029586294665932655	0.027408912777900696	0.03239515796303749	0.02475501038134098	0.03227877989411354	0.02689325623214245	0.02956639789044857	0.023205097764730453	0.026105353608727455	0.031393613666296005	0.028661688789725304	0.019227439537644386	0.018242642283439636	0.009785926900804043	0.012031092308461666	0.013644172810018063	0.02074657753109932	0.020986506715416908	0.020311782136559486	0.021057214587926865	0.02150839753448963	0.023941520601511	0.020358631387352943	0.013141922652721405	0.011258079670369625	0.014063588343560696
0.02029353566467762	0.027986660599708557	0.03247968107461929	0.023924000561237335	0.03146591782569885	0.026014816015958786	0.02957840822637081	0.028001589700579643	0.02519560046494007	0.021341923624277115	0.03159167617559433	0.032581936568021774	0.02364944852888584	0.01695733331143856	0.0183773934841156	0.009996196255087852	0.010174374096095562	0.013209382072091103	0.018648268654942513	0.018557745963335037	0.01792156510055065	0.018526967614889145	0.019111134111881256	0.02150711975991726	0.03132373467087746	0.015855662524700165	0.014729865826666355	0.012421264313161373
0.02034812979400158	0.0263409074395895	0.02778415009379387	0.01835879683494568	0.029298122972249985	0.029870882630348206	0.032632600516080856	0.03313466161489487	0.025006012991070747	0.026064012199640274	0.06713458895683289	0.03693012148141861	0.02943439409136772	0.01355217769742012	0.018618427217006683	0.008648980408906937	0.00931056123226881	0.01369967870414257	0.024211831390857697	0.024365480989217758	0.023754801601171494	0.02418842911720276	0.02458389475941658	0.02417733706533909	0.032694011926651	0.01601310819387436	0.010854522697627544	0.012482719495892525
0.02099447324872017	0.021775878965854645	0.0237297210842371	0.017917560413479805	0.03141390159726143	0.022215712815523148	0.02670789696276188	0.02948172576725483	0.02443346008658409	0.020074428990483284	0.035673800855875015	0.040932126343250275	0.024619845673441887	0.014112222008407116	0.016519980505108833	0.008201644755899906	0.008376742713153362	0.012190106324851513	0.017492787912487984	0.017165513709187508	0.01629915088415146	0.016557278111577034	0.018305057659745216	0.020932435989379883	0.026866376399993896	0.013284183107316494	0.01055304054170847	0.012097038328647614
0.019536081701517105	0.04581102728843689	0.03975331410765648	0.020952440798282623	0.03083966113626957	0.035474993288517	0.04505559802055359	0.04002910479903221	0.02990657277405262	0.022460322827100754	0.034272145479917526	0.04798411950469017	0.029790041968226433	0.015775449573993683	0.015977179631590843	0.01008960884064436	0.01027520652860403	0.01314378622919321	0.02350635826587677	0.02351783588528633	0.02359285205602646	0.023710964247584343	0.0234540943056345	0.019903242588043213	0.050123728811740875	0.015425685793161392	0.013296048156917095	0.012448812834918499
0.020779872313141823	0.023221146315336227	0.030466031283140182	0.020843638107180595	0.04238864406943321	0.030391329899430275	0.03658519685268402	0.04024737700819969	0.035120218992233276	0.023278413340449333	0.0551559180021286	0.0743291974067688	0.04303998500108719	0.016748392954468727	0.016182152554392815	0.009743873029947281	0.009693979285657406	0.013845168985426426	0.022347211837768555	0.022309143096208572	0.021669095382094383	0.02217269502580166	0.022466473281383514	0.0217216145247221	0.022685084491968155	0.010446164757013321	0.007562557701021433	0.007285029627382755
0.020795412361621857	0.013272115960717201	0.01945430412888527	0.013131553307175636	0.015627019107341766	0.018894705921411514	0.02203734964132309	0.020355401560664177	0.019582193344831467	0.019265854731202126	0.023432932794094086	0.02246245928108692	0.03549650311470032	0.010099358856678009	0.011121711693704128	0.006044982001185417	0.006853348575532436	0.0104215107858181	0.02236068993806839	0.02088507078588009	0.01896093226969242	0.019949765875935555	0.02258281409740448	0.01409278716892004	0.013665401376783848	0.015592721290886402	0.01715714856982231	0.009458724409341812
0.020301291719079018	0.01636100560426712	0.01794847846031189	0.013044863939285278	0.013113105669617653	0.023172497749328613	0.02444770559668541	0.017671065405011177	0.01716035231947899	0.02493327483534813	0.019506264477968216	0.012210707180202007	0.021981218829751015	0.009161056950688362	0.009861503727734089	0.005229209084063768	0.00686876242980361	0.009128913283348083	0.027763793244957924	0.025975024327635765	0.02451031468808651	0.02494839020073414	0.027021680027246475	0.015611380338668823	0.015121232718229294	0.020335674285888672	0.019504312425851822	0.010780000127851963
0.020503435283899307	0.02053464576601982	0.021384457126259804	0.014927907846868038	0.014726709574460983	0.029556529596447945	0.026616379618644714	0.02323395572602749	0.021128682419657707	0.03201059252023697	0.021234506741166115	0.01207689754664898	0.025206023827195168	0.009639905765652657	0.011498761363327503	0.005357604008167982	0.0072470419108867645	0.009993448853492737	0.02711600996553898	0.026603763923048973	0.022963427007198334	0.02420125901699066	0.027193406596779823	0.01775246672332287	0.017043648287653923	0.018333634361624718	0.014799894765019417	0.010151679627597332
0.021408172324299812	0.014977836050093174	0.017871832475066185	0.01450074277818203	0.018257150426506996	0.02055148035287857	0.02279171347618103	0.022095197811722755	0.021506233140826225	0.0399581678211689	0.026312489062547684	0.026555610820651054	0.02298051491379738	0.012069350108504295	0.010266389697790146	0.00603753887116909	0.007568804547190666	0.010698195546865463	0.02085171826183796	0.020648427307605743	0.01866275817155838	0.01945851370692253	0.02398829534649849	0.016345320269465446	0.01439583394676447	0.011714920401573181	0.00941002182662487	0.00972573459148407
0.02012353576719761	0.02706584893167019	0.029357140883803368	0.0440417118370533	0.043380048125982285	0.023525923490524292	0.02669307217001915	0.03357650712132454	0.05088791996240616	0.02940722554922104	0.03307127207517624	0.053099557757377625	0.03777751326560974	0.03542188182473183	0.027369657531380653	0.019595671445131302	0.02288046106696129	0.023730970919132233	0.01701323501765728	0.017365770414471626	0.01726844348013401	0.017865808680653572	0.019840506836771965	0.029339460656046867	0.023117879405617714	0.012576276436448097	0.00950379017740488	0.008661932311952114
0.020469535142183304	0.031601425260305405	0.02482754923403263	0.0244496650993824	0.026729144155979156	0.02647889219224453	0.02744840458035469	0.02617865987122059	0.027230681851506233	0.02241590991616249	0.028152983635663986	0.028581775724887848	0.028944434598088264	0.015946151688694954	0.016389025375247	0.01013947743922472	0.011357381008565426	0.016436250880360603	0.018431084230542183	0.018229562789201736	0.017461059615015984	0.018279243260622025	0.020933501422405243	0.02254761941730976	0.024340059608221054	0.020891528576612473	0.019617663696408272	0.011204885318875313
0.01963953487575054	0.050929609686136246	0.04954526573419571	0.020958472043275833	0.027048364281654358	0.04190495237708092	0.04956760257482529	0.04469167813658714	0.02237291820347309	0.01963982731103897	0.03017265349626541	0.02518928423523903	0.027071617543697357	0.01505163311958313	0.015991730615496635	0.009925858117640018	0.00999005138874054	0.013703042641282082	0.02602037973701954	0.026448199525475502	0.027689624577760696	0.02730921097099781	0.0251957755535841	0.020862014964222908	0.04999575763940811	0.020969051867723465	0.016589198261499405	0.015634920448064804
0.020815027877688408	0.04204403981566429	0.03170609101653099	0.015504078008234501	0.019164565950632095	0.03786516189575195	0.0355946309864521	0.04764557629823685	0.01858171448111534	0.015447507612407207	0.02036699652671814	0.0201723575592041	0.023926610127091408	0.010863357223570347	0.012550199404358864	0.006887550465762615	0.007871942594647408	0.010815934278070927	0.020857540890574455	0.021097606047987938	0.02214835397899151	0.02173120342195034	0.020072834566235542	0.01804513670504093	0.038780465722084045	0.018405964598059654	0.017436077818274498	0.011652021668851376
0.021996786817908287	0.024677058681845665	0.0226158257573843	0.015167874284088612	0.014768578112125397	0.030550891533493996	0.02411450818181038	0.021982701495289803	0.014426504261791706	0.015362913720309734	0.018254559487104416	0.018824443221092224	0.019126512110233307	0.008308659307658672	0.008795514702796936	0.006520973984152079	0.0076754167675971985	0.009791611693799496	0.02103072963654995	0.02129388228058815	0.022284453734755516	0.021775567904114723	0.01963622123003006	0.016644451767206192	0.018000543117523193	0.014367122203111649	0.017915599048137665	0.008462734520435333
0.022309698164463043	0.01949567161500454	0.023365972563624382	0.012588802725076675	0.015242584981024265	0.024662254378199577	0.019975658506155014	0.022007465362548828	0.01300134975463152	0.01218924205750227	0.01602987013757229	0.01576555147767067	0.016098741441965103	0.008363249711692333	0.010481485165655613	0.0058388058096170425	0.007520636543631554	0.009870664216578007	0.017669210210442543	0.0179801806807518	0.018941037356853485	0.018490156158804893	0.016361039131879807	0.017400680109858513	0.021553490310907364	0.015220285393297672	0.014602863229811192	0.009019006043672562
0.02150445245206356	0.011608266271650791	0.0124337924644351	0.008799347095191479	0.009589260444045067	0.013528897427022457	0.012719457037746906	0.01285779383033514	0.00953082088381052	0.01239297166466713	0.013219783082604408	0.010318963788449764	0.011838188394904137	0.007434092462062836	0.009595797397196293	0.004499032627791166	0.00679169362410903	0.00915498472750187	0.014269411563873291	0.014294058084487915	0.014604760333895683	0.014469603076577187	0.013949267566204071	0.01581263169646263	0.013798403553664684	0.022397253662347794	0.039208028465509415	0.021093793213367462
0.02144765481352806	0.012416594661772251	0.01040960755199194	0.007250748574733734	0.006912946235388517	0.01238839142024517	0.010721246711909771	0.01016531977802515	0.0066144270822405815	0.011590388603508472	0.00962817296385765	0.006213229615241289	0.010396220721304417	0.005098589230328798	0.006518663838505745	0.0030524497851729393	0.004626058507710695	0.006864977069199085	0.016646800562739372	0.01647900976240635	0.01745092310011387	0.016924789175391197	0.015059337951242924	0.01320960558950901	0.010245456360280514	0.024258630350232124	0.04716227203607559	0.022823531180620193
0.021793222054839134	0.011435813270509243	0.009851211681962013	0.007002992555499077	0.006630775053054094	0.011123514734208584	0.009176106192171574	0.00962618738412857	0.006924266926944256	0.011667228303849697	0.009682816453278065	0.006760742515325546	0.010008390061557293	0.0048918635584414005	0.006208040751516819	0.0031399072613567114	0.004759644623845816	0.006581563968211412	0.014853352680802345	0.01503901556134224	0.015608773566782475	0.015269972383975983	0.014057381078600883	0.015146693214774132	0.010717793367803097	0.017496056854724884	0.03553327918052673	0.02725992351770401
0.02152949385344982	0.00926915556192398	0.0088258171454072	0.00570415984839201	0.005799739621579647	0.00954398512840271	0.00735255004838109	0.008884705603122711	0.005610698368400335	0.011223816312849522	0.008285396732389927	0.004715241491794586	0.008675120770931244	0.004256445448845625	0.0057341973297297955	0.0023673048708587885	0.0035124134737998247	0.0058246757835149765	0.015573384240269661	0.015737805515527725	0.016707828268408775	0.01616794615983963	0.014740657992661	0.016060886904597282	0.010996018536388874	0.022637417539954185	0.025620589032769203	0.042693525552749634
0.021081632003188133	0.010689583607017994	0.012407978996634483	0.0069193183444440365	0.006402652245014906	0.011806207709014416	0.008694358170032501	0.011528713628649712	0.00708893733099103	0.015445391647517681	0.009900541044771671	0.005252012982964516	0.011336734518408775	0.005188928451389074	0.007042485289275646	0.0028075692243874073	0.00370380119420588	0.006571472622454166	0.017888229340314865	0.018145184963941574	0.018743732944130898	0.018325045704841614	0.018066180869936943	0.015028622932732105	0.011564691551029682	0.02228935994207859	0.016146473586559296	0.046022675931453705
0.021942391991615295	0.015024319291114807	0.013146799989044666	0.009459693916141987	0.011103141121566296	0.014630630612373352	0.012273155152797699	0.011326362378895283	0.008015748113393784	0.01660996489226818	0.01156905759125948	0.013838822953402996	0.01244242861866951	0.007649962790310383	0.00811859592795372	0.006130206398665905	0.007835335098206997	0.00895651150494814	0.01438102312386036	0.014504092745482922	0.015096313320100307	0.014773083850741386	0.014347484335303307	0.018278369680047035	0.015482135117053986	0.015396513044834137	0.012867563404142857	0.032629791647195816
0.021151872351765633	0.01861531101167202	0.02337782457470894	0.03616880998015404	0.02619144693017006	0.017877375707030296	0.0203507449477911	0.02290814183652401	0.04673704132437706	0.020407868549227715	0.02637602761387825	0.04571918398141861	0.028216389939188957	0.03191613778471947	0.022311747074127197	0.012608754448592663	0.02043480984866619	0.0254482664167881	0.014162112027406693	0.013313026167452335	0.012078063562512398	0.012897041626274586	0.016003521159291267	0.022617071866989136	0.013781867921352386	0.008275890722870827	0.007144162431359291	0.007163709960877895
0.02207915112376213	0.0199484471231699	0.022693265229463577	0.03278616443276405	0.027298815548419952	0.01808316819369793	0.023592479526996613	0.021946266293525696	0.043471809476614	0.02101905643939972	0.027834443375468254	0.04679517820477486	0.031877629458904266	0.027463218197226524	0.016540857031941414	0.01035123597830534	0.010345852002501488	0.020129023119807243	0.012346556410193443	0.01241102535277605	0.010850895196199417	0.012086000293493271	0.015793751925230026	0.02155105024576187	0.01241230871528387	0.005994325969368219	0.004770886152982712	0.004689628724008799
0.02180842123925686	0.02183016948401928	0.02059401199221611	0.041685521602630615	0.0316602922976017	0.01754572242498398	0.02220233529806137	0.02196713723242283	0.06646819412708282	0.02646477334201336	0.0338803268969059	0.05939902365207672	0.03415042534470558	0.04922817274928093	0.018855664879083633	0.010807503946125507	0.012943715788424015	0.021402278915047646	0.01166448276489973	0.011609437875449657	0.009964731521904469	0.011023997329175472	0.013859379105269909	0.020710833370685577	0.0123396972194314	0.005239266436547041	0.004283648915588856	0.0042483205907046795
0.021999044343829155	0.01878279447555542	0.020430443808436394	0.03194012865424156	0.02694813348352909	0.018424365669488907	0.021837560459971428	0.022879840806126595	0.042416080832481384	0.02446836419403553	0.027610789984464645	0.03633534908294678	0.03321385383605957	0.026411298662424088	0.01875760778784752	0.010099656879901886	0.010713214986026287	0.017667453736066818	0.013870196416974068	0.013446415774524212	0.011607293970882893	0.012793083675205708	0.015682276338338852	0.02172807604074478	0.01151220966130495	0.0069376020692288876	0.005461088847368956	0.004289643373340368
0.0218947883695364	0.012568820267915726	0.012613426893949509	0.011203783564269543	0.009957707487046719	0.013363070785999298	0.012806139886379242	0.01337534561753273	0.013634570874273777	0.01552540436387062	0.014195731841027737	0.011823090724647045	0.01457139104604721	0.008526192046701908	0.010010804980993271	0.004918084014207125	0.0064069912768900394	0.010579616762697697	0.017429163679480553	0.015744740143418312	0.01375078596174717	0.014182429760694504	0.017780236899852753	0.01630154810845852	0.010937066748738289	0.014958541840314865	0.012525133788585663	0.008242345415055752
0.021598296239972115	0.015106643550097942	0.011934133246541023	0.010599972680211067	0.007989613339304924	0.015331517904996872	0.012319235131144524	0.013416736386716366	0.010914807207882404	0.014352371916174889	0.012865661643445492	0.008283283561468124	0.013114646077156067	0.006307076197117567	0.009259868413209915	0.003909904509782791	0.0049825021997094154	0.008998560719192028	0.019428476691246033	0.018131423741579056	0.016638511791825294	0.016793012619018555	0.018867745995521545	0.016562722623348236	0.010888897813856602	0.01824931800365448	0.016656260937452316	0.009973672218620777
0.02175753377377987	0.013617021963000298	0.011638341471552849	0.011458071880042553	0.00892646238207817	0.01587105169892311	0.013988116756081581	0.013542674481868744	0.012780887074768543	0.020813917741179466	0.01618998683989048	0.010228120721876621	0.01504526101052761	0.007084930781275034	0.010503627359867096	0.0035001575015485287	0.0049086445942521095	0.00872776284813881	0.018108433112502098	0.017388058826327324	0.014871383085846901	0.015397192910313606	0.019069816917181015	0.01662733033299446	0.010823475196957588	0.014378710649907589	0.012161040678620338	0.013478709384799004
0.021851716563105583	0.012912306003272533	0.010799694806337357	0.009319733828306198	0.007942922413349152	0.016188984736800194	0.013179938308894634	0.013644558377563953	0.010207918472588062	0.017758676782250404	0.011884206905961037	0.00859049241989851	0.014026261866092682	0.006383559666574001	0.009344641119241714	0.0034123279619961977	0.004557338543236256	0.007885935716331005	0.016297729685902596	0.016062691807746887	0.014937404543161392	0.015127765014767647	0.016482071951031685	0.01743944361805916	0.010807659476995468	0.01703331060707569	0.013354208320379257	0.019989198073744774
0.021568184718489647	0.01205394696444273	0.010921117849647999	0.007828928530216217	0.006626968737691641	0.016252512112259865	0.011775616556406021	0.012945526279509068	0.007658781949430704	0.025734802708029747	0.011727903038263321	0.006744783837348223	0.014168455265462399	0.005167590454220772	0.007647283375263214	0.002805336145684123	0.003994735889136791	0.006219939794391394	0.02037539891898632	0.020280780270695686	0.02012752927839756	0.01982482522726059	0.02072904072701931	0.017729854211211205	0.012032713741064072	0.019018564373254776	0.01362720225006342	0.029586195945739746
0.021056663244962692	0.012977243401110172	0.010900046676397324	0.007868378423154354	0.00676526315510273	0.018693087622523308	0.012319879606366158	0.014613509178161621	0.00783211924135685	0.031946443021297455	0.01220359280705452	0.006130979862064123	0.01731313206255436	0.0055519454181194305	0.007854155264794827	0.0030055579263716936	0.004602937959134579	0.006221621762961149	0.023695074021816254	0.024269958958029747	0.025286609306931496	0.02454334869980812	0.023056674748659134	0.01814204826951027	0.013750235550105572	0.02115686796605587	0.01280465628951788	0.04339177906513214
0.021627353504300117	0.01440263818949461	0.011425255797803402	0.0142075065523386	0.012884728610515594	0.015973350033164024	0.013232463039457798	0.01327346358448267	0.012009537778794765	0.026701634749770164	0.013091010972857475	0.01216896902769804	0.014040382578969002	0.014925270341336727	0.01488778367638588	0.009145813062787056	0.020660236477851868	0.015619652345776558	0.01694766990840435	0.016970036551356316	0.01730950176715851	0.016987619921565056	0.018384594470262527	0.01730393059551716	0.012224668636918068	0.016314813867211342	0.010891317389905453	0.024733394384384155